29.39207734080336
29.606048927508674
29.74623774075446
29.428967494158382
29.416670639031796
29.114338180107247
28.49857793621047
29.150041253288997
29.209685489863894
29.514219400971665
29.32869409732975
29.21961254914886
29.245985822589212
29.318197832829508
29.44492851915336
29.28905068826867
29.19046954233263
29.347314652032356
29.535918916806192
29.252083591975826
29.43357619390569
29.35312045698665
29.450387445232273
29.46401163291681
29.66702422659029
29.62425927684697
29.440202847595057
29.54583033880086
29.462528572507214
29.515742920654034
29.36812786379267
29.464269214894212
29.53654955427415
29.684742755483345
29.323976311217674
29.410184883300154
29.540805213139606
29.423647428108907
29.530032863740065
29.549618894004524
29.341556910249295
29.44716658656146
29.381920788270445
29.517284626969587
29.312080322283894
29.545284219648423
29.43249338833005
29.672338329330397
29.36930597918711
29.406210811694763
29.308194407415964
29.381353993880808
29.244890482673693
29.47830467804459
29.033259454069803
29.407166102913113
29.48938434212915
29.79776877121112
29.53406315254061
29.30650086039166
29.216058295877726
29.09875021548149
29.200857988990755
29.347945289790424
29.51281965403701
29.58732834770423
29.70997756236743
29.35121670866777
29.432904058086827
29.430081202927532
29.33463304154866
29.431863930348836
29.498189157580917
29.648578022959313
29.554767580542578
29.696370607273796
29.66709267329701
29.56190778343038
29.368622950337883
29.455594186795373
29.398240322189032
29.732892818749942
29.341049598799177
29.455514131482467
29.61900629102369
29.620835055980063
29.50245542358877
29.609657383983805
29.53030490912247
29.61682993550563
29.615986498848628
29.548937028299434
29.485522847748776
29.608902783813207
29.49768244915824
29.74548892704984
29.52779219371187
29.428517468960504
29.497243276298715
29.3773081126244
29.590922721699958
29.65169908820688
29.44582751569888
29.503367210012076
29.41590856202548
29.486354084400745
29.651413407925773
29.457070332372876
29.357985673449058
29.40564301477063
29.67143477691091
29.53066527758007
29.656306138752953
29.520798673043387
29.63864840673267
29.67167116420733
29.46852909017849
29.47717510220812
29.31162573359662
29.568120474661733
29.29586753576906
29.297003224882733
29.329522292342432
29.510408497056122
29.57292311862797
29.500783640534895
29.486711988627135
29.457692126137953
29.31723979597337
29.37860179678957
29.395610627725492
29.36020975252782
29.22737701428179
29.152864462137394
29.424376645487204
29.457146974413554
29.608287158802092
29.452551511414942
29.43777582324628
29.4580357882824
29.33219266506903
29.647035164519963
29.28332725552625
29.185084409161846
29.520109741076027
29.756676763536145
29.518409989709976
29.502196357364124
29.499280738574228
29.47334977154982
29.522047303811405
29.550312281248676
29.807222509544175
29.54047515556884
29.442741555354637
29.575658424439922
29.764063423095532
29.60668048808317
29.756935046752904
29.74847710598171
29.57638066814854
29.743965569005503
29.750742477130427
29.74394016068566
29.633406349346785
29.777295727175492
29.729797003203853
29.781778976205267
29.588917982090095
29.669827085411132
29.27966553723057
29.41408452946371
29.550428855454236
29.678910076107538
29.37465828189023
29.731383414789224
29.637411409443583
29.864049442525637
29.595757610229168
29.522358065583887
29.569529872560224
29.68637209430372
29.595496838999534
29.60480393533245
29.587629999117386
29.575217806974173
29.555794280289437
29.627200132295858
29.794410201407207
29.630469038840236
29.692156709124212
29.53403653859505
29.6084286602947
29.38012188583956
29.397814209087063
29.486461418322808
29.61682598243675
29.360576973083383
29.29912398674016
29.309627974182114
29.405587880708897
29.691592771789182
29.609036217864322
29.562717147900422
29.324429260346413
29.690900629493445
29.834917556499114
29.529214529801987
29.41832812356175
29.597757700954
29.518808606423395
29.62262287308219
29.46717742877835
29.528558849659273
29.497081579117253
29.345433356587385
30.573238871027435
30.274006070029394
29.6238077187885
29.36454014379178
29.09538389559647
29.31571169683554
28.72210806989192
28.577205336520155
28.485464007907726
28.405392515251314
28.231437827316228
28.392287965349176
28.632774464355048
28.878670115547028
29.160288263525317
29.44368256462674
29.93464516737423
30.041546257123837
30.237917351204576
30.702850548278626
30.803291100135873
30.928310387295213
30.853157748342408
29.544734129411808
29.38961035074935
29.318387000685117
29.46298194443979
29.723217536317946
29.65743144782931
29.47365119724914
29.554881031250307
29.62055416189588
29.59426958726124
29.618032615153975
29.80044568291159
29.563530703998236
29.500218491684077
29.754865921361315
29.64873407045761
29.359731291659003
29.74745575639776
29.563538242779057
29.76474586543138
29.790030445480582
29.753896614325168
29.71439310308432
29.653191204086184
29.466471185058836
29.204857430080384
29.41261685059808
29.462369948487385
29.5632275674694
29.681937938069765
29.535881646872582
29.543639377023986
29.544225269769626
29.617068274258138
29.551753870585756
29.340293323188025
29.185018535489164
29.352252384634053
29.59359238037114
29.267995666210346
29.461784024839613
29.81323230920705
29.695104458680813
29.76322944625327
29.686638269175987
29.698277590734182
29.613912220445933
29.57729843387993
29.88224220090605
29.718973474287925
29.587719819296826
29.48009105176065
29.80780894186864
29.591223811634855
29.790967244175558
29.813727337122835
29.939263491416856
29.73523211207349
29.580652825361135
29.65570217361548
29.698741224504108
29.80053891373818
29.72675970980115
29.99957560167385
29.840840198625408
29.997646082444692
29.685353820777518
29.8484118377595
29.808830106973492
29.80199877018735
29.82776742334222
29.64872622120652
29.411632399487374
29.682122101818273
29.370319942652312
29.709482444541905
29.34524536732735
29.636360225961614
29.79475371544021
29.74559860874071
29.710566411450507
29.362681449843908
29.495754723874857
29.531019976247254
29.72212239118133
29.471155256020847
29.578510219430637
29.831293354402554
29.67483073850743
29.75046646444697
29.838174785015404
29.775679308776088
29.685784584860897
29.608887211553945
29.34484245122416
29.325902659343296
29.647642624545373
29.42865672707047
29.589265782790218
29.643385295082986
29.692551197096652
29.701347521851304
29.493647905785572
29.690871888671037
29.715151717627858
29.834703571977396
29.59714117613725
29.655656654397518
29.65761395790399
29.494897675698432
29.792855999476068
29.52476833304672
29.392456527761944
29.851721912804063
29.841576875860007
29.752878226903196
29.84182311040913
29.761231070448282
29.371365891998913
29.56906522590688
29.885676142158097
29.932976606186273
29.636203393393263
29.745994532377217
29.80150693537945
29.90784980585761
29.882804314374802
29.666175321414215
29.804361336846313
29.560702070923558
29.726563126290753
29.62202589325717
29.885626540353424
29.819250840540306
29.914696463152303
29.930091905676825
29.877401459703165
29.638434204184964
29.67829202999781
29.814117290922056
29.74281460562905
29.981596606006505
29.65653034992374
29.881291851282803
29.72837430034804
29.581575394068256
29.47558323865396
29.507798612476183
29.69817493855359
29.573884132662762
29.624988280682604
29.869338278012826
29.982822240728726
29.75065982155988
29.5406847841825
29.34787963688439
29.364911309262002
29.462667296762785
29.796087903355136
29.864265250623742
29.50163375207501
29.76128554581848
29.948501894185153
29.888591198517783
29.779204242780974
29.8046244166707
29.738499951003515
29.893012642697578
29.644195813106506
29.446846867723526
29.60117086996465
29.774931113822063
29.82627191626799
29.83307007861194
29.71472097737996
29.813014367912064
29.59269648600302
29.593241571663828
29.474142168429186
29.576995572223883
29.557301769208035
29.717591947852917
29.74462885714112
29.778035411434473
29.917759565394174
29.894611213795837
29.564149329476958
29.784900764116447
29.78596089237769
29.744550689076387
29.538171272570608
29.677947979743053
29.84828468853542
29.94244048447726
29.394479068849805
29.43811561374482
29.812684590435147
29.655947903466384
29.55426129672207
29.882314458648377
29.79651071717581
29.729475971800053
29.627157651786714
29.91175493783654
29.772866693805927
29.773575639544248
29.955236801921263
30.10187841922334
29.653617467688054
30.05616285041497
29.503116859473007
29.84623879033032
29.83681926518994
29.952354981938747
30.05476267583222
30.068819714980208
29.83022454161725
29.709204662351198
29.596432225332858
29.647124360210142
29.579425112637058
29.521989909547468
29.875208079970516
29.79793804832397
29.90835269648215
29.893631028555017
29.937959122373552
29.85575843327843
29.76900059309549
29.81410437914312
29.685054511921756
29.733859616710852
29.7605596912837
29.736053039120442
29.756754114877143
29.897623698270397
29.814709737182255
29.72283987378163
29.786491857209285
29.873236872071313
29.803340075620067
29.576897900393945
29.46527486118579
29.57100929821481
29.620255894169066
29.596882509385992
29.51853374606494
29.574674270475416
29.61725771853602
29.67370218960388
29.754739553339775
29.708957323814296
29.729625969052442
29.61091087182975
29.761603139036907
29.59967942265961
29.524761497623665
29.72136232071613
29.487809029151606
29.70643026309139
29.798776499191394
29.69473012743468
29.651905588776703
29.703281327891276
29.776179015155726
29.465703961789185
29.310809235244538
29.707089220626195
29.608358953439467
29.817303052410875
29.82151910807447
29.62941741652022
29.740788869390034
29.76885950003369
29.727931523390748
29.61201700113543
29.92840398771053
29.62210484221702
29.826481539618488
29.584099009607083
29.651835216558755
29.816170890263052
29.622054409253654
29.686451876290732
29.87064577322189
29.942886059909092
29.838759527847444
29.706627418731888
29.61308297197316
29.633384842713596
29.57702447337528
29.41134232751222
29.793864459004315
29.36508124825662
29.201820243065555
29.7275587155961
29.70979220766858
29.65626346000635
29.780791081799645
29.91001358767976
29.49643782335075
29.47162958134332
29.584009494844835
29.543518994864762
29.635682073277785
29.559687332997083
29.42119539378381
29.564730108163193
29.605504078895493
29.850402903298107
29.798808320641825
29.86948101582696
29.756219910210042
29.64693450499952
29.459155615996423
29.507838093421988
29.560691737230574
29.405855007511857
29.351668675642408
29.485447414264655
29.613416523641714
29.808913036418197
29.75086661097411
29.553697483283827
29.362930217140324
29.217830795336344
29.624033912387237
29.502620997015338
29.371119622940427
29.626713272764544
29.295373632024493
29.61326911059045
29.65323520474168
29.894468220211433
29.781284035155625
29.52026143396971
