3.0968918306273476
3.289835299083594
1.232131910799561
1.1490137644795504
0.7137216421947671
1.9510895137158926
2.6255483426942754
0.7470842433974385
2.684764401478936
2.106918461417547
1.1850573094108445
1.8332058874021975
0.9833783238027128
0.8327931948671854
0.8965748659684285
0.9483622441552502
2.3042599650786526
1.3120074362229224
0.7979095370507303
2.0692876517488323
1.258959662624696
1.8490165334005626
1.5722715085165713
0.7115627917750568
2.5371556662910706
0.8494634709097383
0.571651309059743
0.7681143596412404
1.612018646422558
0.615382461838801
1.4351774389568686
1.4016473850719544
1.1725471194158945
2.3604563162737695
0.8264885670353008
0.789883178503212
0.5070092069387511
1.3460995079679412
0.8112128660127806
0.4083265172805482
1.2452326009703396
1.72929481303339
0.8657261836890128
1.6911912046178585
0.7855809777389949
1.7482361534956823
1.4926047780842215
0.9267312404017782
0.77988547067762
0.5630938759470115
1.3389181326137796
1.8019702326179383
0.9759223123799337
0.6602375242084991
0.8746524332362485
1.940327655870253
2.3803469890166147
1.8029636995631366
0.7124691603878976
1.6034652633337882
1.084249515996804
1.647846967987473
1.5142450483084355
1.055247733819354
2.3212726052931916
1.0756227035745871
1.1347330855309665
0.9297753922188172
1.140153424429512
0.7883300235271148
0.8266900792975378
1.0088394271892343
1.5627222653286539
1.5423919121856848
1.0546607333837343
1.0725028453677787
0.9296408834825834
2.83405766101432
1.8972736943925521
2.5418961139605587
1.7548776792220873
1.2478493101719879
1.3357628844537315
1.2102559655586471
0.48290310676894765
1.2630448433390529
0.7949482721665709
1.0230157920863947
3.0402367912756607
2.1808647389461977
1.1850925741128717
0.9331119896379179
1.2316639899659536
0.752619140235179
0.8087524711989019
1.0585581029435636
1.5568504612482414
2.110252610726591
1.0833063281197917
0.7106644527988116
0.4433203145258036
1.0698837474049747
0.5958496307247547
0.4961304861488219
3.9436651230478534
1.519278603653515
1.2279432469163059
0.8552680069287337
1.5502138257359683
0.2860401292124085
1.1256409276175163
1.4188408333052656
1.9360879369434374
1.2397294648388157
1.1684841790834137
1.3697267303365266
1.4868243356866198
1.1578633580130229
1.538789588638847
0.7844679464740775
0.5421544701662006
0.7903430405988442
1.2583650563069553
0.8903529593347732
1.651994977589298
1.2480289002569114
2.7945270366128665
2.071275549226628
0.4101901462402562
0.6960242720134944
1.7995379231316118
1.1144494044648878
2.219596962997613
0.8557385031671197
0.6133280028522359
0.9698804131053674
1.15058106332425
0.9023972148195614
4.308810368989793
1.054994892782678
1.1066394661573087
0.8456469795095654
0.5772602360607242
2.279315292335419
1.269435526359919
0.46589584373720916
2.3813475575942222
0.7301776325469962
2.480356804824889
1.3701602759982687
1.027592139793244
0.9849523915634724
2.7208374880908943
1.2543323640592055
2.7901223287123704
1.72975078463979
0.9935391977622817
1.302054546928663
1.260633284144982
2.3360469753917044
2.733813600811985
1.1009289683211172
1.877149691943757
1.2413401309145082
0.7141438831204904
1.7544782686009146
0.9410584109976967
0.6509740134311172
1.1380142216872176
1.3480079519663717
0.528106723613469
0.9970722957899175
1.1020043461942899
0.966911237112565
1.2223468841848228
1.0405097534234675
1.6623575768345704
0.683266127003077
1.021628983942134
0.9784071756824226
2.4410851891848293
0.6028002118559309
1.128798543670087
1.0735696595676782
1.4899970594584249
1.1353793102138054
1.5041356261892052
0.720465769082979
1.3488157043027467
0.8305308040093803
1.031793241049348
0.6834679572658486
2.3286229848408304
3.046314204938038
1.1062422025279552
0.9744852490273741
0.670259531386315
1.2886402193840671
0.899212066856915
1.5870002191714068
1.5513809333109163
0.512343224051274
0.838893417417057
1.088469214994374
0.5630049003035158
1.6031465611454345
0.9302176881768766
1.7645612247734819
3.253884146920077
1.4441210983619026
0.9839675045337113
1.0132920821144542
1.4479888522748874
0.5203034308466689
0.830331367951163
0.572804606187076
2.266618970402179
1.5521614407787325
0.9310528607015295
1.049555762685313
0.7389385498448688
1.8268119325370862
0.789846522912835
0.8511340834984475
1.434031643481121
0.9648900948676288
2.7818034111291934
2.071783560618092
0.6960235713427692
0.9766004757462784
1.4070675801767913
1.2087896321644478
0.8556183434606077
1.89669823881951
1.6078788634324508
1.9194247322421405
1.5022688953505585
0.4797501161042356
0.7393018450570735
0.7990526459379941
1.639857805296875
0.6342066360113646
1.6154265378314978
1.2208515425443274
0.8735484115462143
2.0799624889750357
0.867591044049902
0.5814991286874878
0.28001760488812927
1.2523240180731479
1.4584312303174098
1.1833702477954926
1.9094999968860737
1.4330371483802147
0.5563065495995039
1.4353378678842896
0.9333972941179018
2.951393087888841
1.4009640834305874
0.3931848678582794
2.012961296002207
0.16849188764735035
0.4695980209846325
1.6022494891324437
0.4089165001212105
0.5571663507316446
1.041902907463781
1.6200001101585573
0.6933216583576967
1.0551634837162567
1.2239540416539607
0.5818344161348208
0.703652724030023
1.0910017867331274
1.0765188583906231
3.34193942270773
1.0779739725089788
0.4021607346318646
0.901832975688275
0.7456343178553666
0.6151646680107303
1.9584251911275798
1.386849381794738
0.7146925595440037
1.5353549788476584
1.7163808701001144
1.8015429206776599
1.2321269950014573
1.2778661641532
2.285121282295915
1.9972215735412118
0.7712890941476459
1.1398258438936786
0.8601674229015596
1.4534238357200098
3.923180254426252
1.758975487289275
1.131910236803075
1.4243757838028488
0.9996689060379261
1.3138142661784808
1.162886116107018
1.7913583843757663
1.4926212955895621
1.1881348335322743
1.9806802206469518
0.8013812758546971
0.47985654266311445
1.3093534549565276
2.173510488760469
1.3024447557989633
0.3485550854903572
1.641417516500061
0.8694888998588675
1.548324313933544
1.1735004460161724
0.24548649763056435
1.314005319255209
0.8902050228503036
0.9078210744555493
1.9257656528849334
1.1480310174576283
1.9274076461206098
0.4288119039028451
0.6900585456279604
1.0455216677124313
1.1697010590874066
1.717684411288289
1.6208980514419178
0.7363017421510959
1.1158904885988468
1.3256897067233975
0.8912496769452146
0.42405100254749384
0.5342828766542109
1.5188026087983655
1.1437875748088593
2.1876354588394893
1.0001501811483429
1.7925137231570545
1.1136641138988717
1.1975278382606518
0.7770116904031442
0.3535220416359589
0.4207780953976994
0.5293462376926389
1.4638156154477349
0.624041514915743
0.6482003854105884
1.0808952565819299
0.9233257126931449
1.2645975323861027
0.9012858965969358
0.681174397765295
1.4768550866826298
1.993086937846307
0.7503217675966641
1.3278800573134737
2.600853384956131
0.777006751472478
0.8914284916085582
0.6507787094089784
1.7128657231761064
1.4357580632165412
2.4644361867810387
0.6452819917510082
2.2777571723151318
1.7029300979562882
1.4083724318925424
0.5945796786062819
1.1597706408871713
1.188795433914337
1.2436960270377748
1.0694106873349398
1.901352105078724
1.1725102268832406
1.086983432687386
1.9127000763262703
0.7433216041356897
0.9653851906455805
0.8261120761351215
0.7955349609704142
0.2866953775945088
1.2870640754338303
1.2422731692965405
2.439573466719092
0.5609193296572242
1.2189087497897906
1.6519780692049746
1.796705171499697
0.885985929185713
0.6687604417567166
1.2211046720974137
1.1963033212510943
1.1326916315488311
0.77027650620496
0.749081035242452
1.8621196406375027
0.9869191738586003
0.9020808601168594
1.0729724780284355
1.2751023780131954
0.27121501668205694
0.9089598787461488
1.0598663386490654
1.7733705915248419
0.5683562428156844
0.6528867569896529
1.5517098915505707
1.6321028715898414
0.34545951721833706
1.0788739062015344
1.397582953490198
0.8912276233890004
0.5132949115803409
1.0752170192454211
1.4557789392726046
0.5497935183036284
2.4009337537379656
2.2247974670397075
1.2520811086029422
0.909217815695046
0.9076682866536165
1.168898387659752
2.123285974435309
1.5018703994657587
1.5022658149106947
1.6813972292606911
1.4122698392883932
1.8618559355050752
1.0961470689344923
0.5926721642955335
0.6848607012805076
0.5468171056127764
1.0964589726937828
2.1890483773664355
2.3914472647986327
0.36354859152673974
1.1296355741376725
0.534404854616
1.06992284408846
1.4502341977012123
0.9878411063324537
1.450847763004129
1.469835523873916
2.335708562017242
0.7480318484969863
0.6341823156076262
1.5326779204620093
2.588236271079768
2.2917137439473123
2.636731393317502
1.1558720078804803
0.6042383997515508
1.6988310192689668
0.752235574925949
0.6616168515050518
0.6535613066930007
0.5682985543884208
0.8675246275374957
1.5098885144618723
0.9620214413381241
1.1603688100616931
0.7310908254054679
1.1028002327029598
0.7004198897910551
3.134111223873018
0.1791677202130575
0.7538205232297196
0.5904305656978177
0.9989667311645645
1.4337960420372748
1.6150581185792885
1.1436832403973483
0.7675581536563612
1.7591266067508033
1.7333962784322954
3.370589830389243
1.693077788638683
1.5405801389443634
0.5985661943372124
0.8679102408368019
0.9867421810138832
0.7038443523599699
0.7565125159415431
2.4570615006497807
1.3426859290076445
0.47046965234403243
0.747403446449401
2.2933170858889076
0.8745507951795884
1.7807742481580617
0.385059011076806
1.7281056730364701
0.9072121020457904
3.1508963553630958
0.6104571336215076
0.7166234766758299
1.782553010952445
0.5843396053754841
2.873204045887822
0.3150800124905537
1.032225229671208
1.120618516399819
1.277185974486313
0.7295967922584844
1.6376972177713804
2.2786680416961707
3.2874601162170283
1.7571923186652765
0.4840592125008253
1.026868532844488
0.7138129546832427
0.8277079459196329
1.4521083948375362
1.5269519747673044
0.5663551405127776
1.6411052008728526
2.0968753516665126
0.8717562458475034
0.6451859973913657
0.8901563033440114
1.0903238380760487
0.9894615867304183
1.2493052850627246
1.2606412942757923
0.719598561542554
1.0605863598605918
2.8527904325106874
0.8805498285523489
0.4673433926676246
0.7947541970515886
1.1350257122030556
0.5509841937063824
0.6397921715813096
1.4703780138240752
1.5208183661279657
1.5114902531530396
0.7970320278173335
0.48827518163979006
0.798783315878563
0.6319853039760369
1.8716401649333072
1.5489088925428538
1.3702650577362698
2.0985563969015413
1.4799555761834513
1.3887651722880385
1.1309147900702037
1.3698652999646888
0.7929746527615925
0.888541950604087
0.5505429534941476
1.7849456082832458
1.713613675457349
2.160677189347363
1.8871646538825662
1.6335040069761662
1.2938124105494597
2.0919989096395315
1.0001607559713097
2.8819479095032334
1.1258403288243934
0.457937924054584
2.281433041284541
0.9117178083058968
1.415949036257348
0.9817886248633969
1.303030517250555
1.8296589249913933
0.9308880841368214
2.0208724531011133
1.2129963829715322
2.4694913672004657
0.8907555577150458
0.7428845305281269
0.7669220837678563
0.9964922216991863
0.3555030014657987
2.322414063682335
0.9792081445260995
2.7123016520904737
1.303600447611088
0.8961000362478262
0.3701603975932709
1.4219767298699972
2.1376426470269645
1.422489134341058
1.116136335334795
1.1367906204835028
1.4258503608412962
0.9816593811594575
0.5201413758407052
0.26127370990771165
1.17899517520587
0.5275231434725125
1.466963931187087
1.624736824856519
2.3838950049357353
