7.517590266929781
8.221885726670825
7.493008366450153
7.611006746146532
7.332426232737472
7.7574244414495155
7.664228293697024
7.707268846978616
7.6753828902659
7.811325761975537
7.2749288307228115
7.084290223871421
8.277134705512772
7.7188586782342545
7.3590808544659705
7.783916538694751
7.754710180004625
7.540025775178597
7.750199645578052
7.880519627695468
7.690567720771075
7.602566695283944
7.541074626770733
8.041160314921791
7.592573192490087
7.854870259047802
7.508436726084471
7.770213683868255
8.048693986819258
7.757751016664813
7.555901361540305
7.7923431211949525
7.643112513962739
7.751715630123775
7.731408135150671
7.81486760853837
7.604673646805376
7.620193519557052
7.391773053687556
7.986454116418195
7.569663082628589
7.6187627426949796
8.25268314871592
7.598091066901356
7.960703728456128
7.611879111129179
7.829988837440917
7.561648450899208
7.732178434627678
7.590533841787223
7.410816295408197
7.731827813587742
7.92635344366269
7.688057791817801
7.423248419355337
7.635562939311064
7.894292474606182
7.753961344979538
7.65912876009123
7.757644776521208
7.79746160284625
7.576031774383861
7.562645339051893
7.327754213475949
7.664953847533475
7.8329934035492546
7.976914318207872
7.7786574290192405
7.740738965901585
7.512996520984085
7.789384126131244
7.712280773979669
7.737338416256626
7.541426965602371
7.4967752165643855
8.478431692148945
7.14220984419619
8.017400231172559
7.7036191892778225
7.518847231777732
7.915967644036519
7.583646942758725
7.780240139630717
7.8496428697345015
7.748838836980585
7.744758485417141
7.597832502177717
7.586674848049411
7.526300236632854
7.521785469810135
8.312993810527463
7.493509991964723
8.017145247625916
7.695654793205064
7.8332541311793396
7.710104065963658
7.811054422561713
7.697624945148299
7.509794106559767
7.6775699428699875
7.850652843517586
8.183140527929666
7.38014788646338
7.637222834381287
7.692013647416736
7.834125202455016
7.665600482180947
7.712823115006487
7.602405440091996
7.704772485717802
7.886259233013415
7.689225089446108
7.830571410592353
7.68748728961307
7.70721736821048
7.898879169220734
7.526632520790279
7.788886756059571
7.634283200374122
7.6582291739439725
7.778113571065176
7.530036081722332
7.795453499886298
7.609033133087571
7.8100717031387585
7.621157915575192
7.657471042058841
8.161055703795382
7.427375765584765
7.675740154942389
7.495465334865672
7.850408496890118
7.6697970235320705
7.790933809853516
7.413899834786788
7.61501185410273
8.051338308281482
7.579724587654539
7.546108814488174
7.969234184068335
7.765777988312172
7.571120582365672
7.461552313438301
7.880366467641155
7.677420835575636
7.824047655141378
7.645975015781321
7.718433609579917
7.743727422945528
7.860805872143601
7.298685574313344
8.063965161939029
7.649264013541473
7.709484678496591
7.8163436112086115
7.7125427117121115
7.84480540776252
7.756916024606527
7.65805578167059
7.599368392621019
7.7404955121627905
8.02130870871453
7.9617987331249935
7.609653477252298
7.564454848964262
8.154961647461402
7.833657988650247
7.5330468471970935
7.714653779228823
7.646266449515668
7.757931852512098
7.858820964713462
7.579180317004908
7.731215367710665
7.765373628865387
7.709857253796314
7.776458495180703
7.635036115176171
7.80853740784755
7.7297108882337255
7.959802350951111
7.829161258814665
7.638235482234178
7.88050584333362
7.481294063913748
7.817320264285901
7.893293325762138
7.75772637133433
7.5161462517417545
7.858576094358353
7.700210380632734
7.836542759814423
7.586574487131068
7.458192638282713
7.71540737054685
7.600317067588532
7.849112943076656
7.593139835287624
8.024891553286098
7.39710362307835
7.604240500918918
7.748565727089161
7.868637121375118
7.693167270251905
7.793031831326068
7.806399354967469
7.8260313681743625
7.589459929159928
7.5092736273815595
7.9019889441770985
7.805032201433824
7.724926490054301
7.7313114166600165
7.854748902093537
7.6068476626819574
7.88131548207214
7.891626741899218
7.550937149042069
7.7088633025697515
7.655149071696337
7.349926071066796
8.558933446108746
7.5902458257582355
7.925131329620311
7.761982277192924
7.634130972733295
7.428358715574249
7.761089552833387
7.861308848123821
7.598611221307182
7.725137494472678
7.47428484234088
7.8837325744627025
7.663778198635761
7.888622219402189
7.668284660724859
7.594940304861
7.7889087826792505
7.913505889323377
7.412610975909061
7.70721540007332
7.475587376877092
7.760154749540036
7.888748744258832
7.843608536138655
7.571023709336595
7.805698816120907
7.706090124161929
7.763507000519915
7.6581022031448915
7.779277943022107
7.638806012263736
7.88828427229423
7.678966939605522
7.575818105492082
8.211620353563147
7.853548403654843
7.600515413098528
7.762072558972704
7.587491162719253
7.7603515936805225
7.91687791782927
7.8222869999502445
7.532331562629262
7.660427252650825
7.959799620651982
7.5656313076028345
7.865272808227079
7.658642240886416
7.590864413593284
7.621078539444499
7.914577648892452
7.756226430159805
7.542318457633605
7.744414791850722
7.8268653831142
7.479536356636697
8.07195710817403
7.3753881398290515
7.961827049621674
7.855050980005001
7.877452791555831
7.74854555459695
7.575647170007381
7.643882166745908
7.913015627237361
7.650649161163851
7.9552480751608
7.642020713612574
7.579166819645175
7.888828826196319
7.595556265998892
7.8717763986933
7.610802473348413
7.591341670057106
7.974743063594966
7.79792483056306
7.8238570117601185
8.110061972726518
7.372590803085701
7.910565098801032
7.890442122097192
7.620824793216467
7.59432512219014
8.240849598671483
7.32740168552768
8.251205068069416
7.725019791985062
7.785853323566471
7.784567474903194
7.685545803558891
7.619684798881811
7.859362184984873
7.89922993897113
7.627596408120921
7.650131850911709
7.739210456555725
7.456313006109081
7.5042221970502885
8.541086110019153
7.748338655959175
7.984020669667751
7.5388039242445695
8.024384711239572
7.469980318206849
7.852745047202976
7.782843436199713
7.813285267460827
7.7277286268561936
7.634280962818324
8.032388633528514
7.441114226932671
7.68990959331623
7.853251281415882
7.742183561957953
7.972240507169122
7.54775972005514
7.603079787225902
7.77707801300785
7.91184960270887
7.570798539191507
7.855048858199276
7.665237775093686
7.56132430399661
8.194586428130968
7.748560080778933
7.707262316697953
7.877377154136261
7.789528428951488
7.618427455411396
7.7819296227690105
7.574060058266957
8.339563133531794
7.8115660452428415
7.52755835575773
7.743241645225133
7.887208042012923
7.723382905877587
8.119635859068286
7.8934781239431215
7.638873149527874
7.841643593662693
7.547578408756665
7.785878366749461
7.793245358767134
7.982580286935192
7.740315735600241
7.659997090089471
7.843894543907654
7.901643898969424
7.558004369108057
7.9013206026399825
8.034957000554217
7.545797154324921
7.78678247156053
7.518103983524276
8.019427959436483
7.8311393942846435
7.912813221668299
7.752285187176706
7.71561644154889
7.640485430144686
7.856282813953736
7.610267596330115
7.88942436377277
7.921150616592554
7.263365008854223
7.777513270726006
7.9375023257279835
7.6854903575946
7.872435554335724
7.795446195369101
7.7410933889769895
7.725098531302864
7.635275293774721
7.534293464271555
7.789581171936256
7.839747498937484
7.825400928884963
7.892291435225863
7.910241270902455
7.83702331727798
7.6384482813061885
7.597354745121861
8.00030567465863
7.8275077558026105
7.622975109243669
7.65846357300302
7.694309051288536
7.599091221305343
7.831559068800764
8.00765559770232
7.775763611070812
7.730439017133874
7.594960458329149
7.71799017531586
7.595784596070534
7.869677290430135
7.975121086829651
7.653823376647519
7.825302903836599
7.553030712511889
7.765514512267683
7.53432229772371
8.388129487047419
7.721033260478137
7.524203352556312
7.817173172342341
7.7775188338157415
7.954898392068003
7.7139086149298
7.5576818517682876
7.908564429864653
7.726137406149178
7.879772311994766
7.785958349136387
7.453292378018234
7.602702139274242
7.8448805581389
8.068160291980973
7.938661149381283
7.654842783944134
7.339611082104722
7.798089576817216
8.117715642486704
7.986522704021339
7.830766083420658
7.590441149739525
7.750500174762222
7.927216373502045
7.978682196410171
8.03700399539087
7.7737937548657
7.703473547316009
7.806224522104312
7.629685540836965
7.625921938751445
7.858135681053848
7.733165592624785
7.929726788134697
7.826037358631324
7.528172523486851
7.950414775248317
8.03401896100749
7.532498949360114
7.847562290633908
7.937299450155653
7.718306180402483
7.682327513086937
7.880431876932081
7.617193158827087
7.909676378767891
7.972969207529977
7.465805401512197
7.840801255084041
8.089496942184141
7.61489860615312
7.739904023880049
7.725958388855096
7.801565162131228
7.7383186160558814
7.702326262357136
7.641280579792065
7.823339076042965
7.955298711310849
7.500076053199891
7.688914181818699
7.915139841143433
7.631564700582344
7.463189517330251
7.894086109548707
7.957822567227225
7.703143960806095
7.9943950069339005
7.394909863298348
7.869272445468149
7.5970005176438145
8.015278597172367
7.808950772490743
7.692286716296405
7.6533503134836085
7.743468446759609
7.581069929439671
7.871120386812611
7.668738058098627
7.707414636926995
7.649660037079018
7.871376572720445
7.879378694787009
7.739323065529432
7.5782692410001316
7.757062205462673
7.6275483082590645
8.257746258911018
7.829678312008072
7.3730776061647205
7.917303939233728
7.7161248091337225
7.783761318094487
7.600953522456893
7.957730973788328
8.18253822465636
7.6512170078953625
7.3520406424380464
7.898262866629265
7.943169069148048
7.536441459335078
7.477395131287599
7.985622093132314
7.328542858368938
8.292458068369731
7.818485940825665
7.868490655317482
7.632894226261663
7.707215210002283
7.648714863633974
7.537248850944266
7.617033904189796
7.970679605210948
7.621459072925008
7.850957240172687
7.358792903280233
8.090328690953966
7.664202285185593
8.115345790085284
7.661083660327858
7.713748357014148
7.5579775699151215
7.979300946987193
7.727921738431632
7.517279212855906
7.739297626910319
7.795479925575268
7.88049766939888
7.5980324472082845
8.298071629190364
7.546604069929085
7.592810426571029
7.481118423472836
7.8676572828326234
7.425943804631581
7.669069609113556
7.672206451841689
7.90301196429365
7.787004231489781
7.868461735775443
7.6366809448936674
7.612839463356056
7.973401409835269
8.101093726620663
7.374609569092066
7.571527044572894
7.661192593746752
7.9920684924476975
