00554-08	0.5124761842853953	0.27184656944469276	0.20820263393590152
00708-17	0.5981480887238151	0.5352850247527047	0.2351762975983799
00657-18	0.42653033545563657	0.3536997606377897	0.16980897220687718
00758-04	0.46420321729857666	0.43480895670501907	0.20380217502323972
00759-02	0.5939779409562674	0.5740560360488645	0.2105696006423965
00810-16	0.538616607271362	0.6575602597507235	0.25016037864600704
00504-18	0.5272180348991378	0.2693854035493009	0.17622935815514307
00657-00	0.4602810098781349	0.3532624185415638	0.17035360339835265
00502-10	0.7929199289845432	0.3025336761986273	0.27642004324555114
00555-23	0.4726480159013409	0.26307982099276317	0.15438404366658284
00708-20	0.5998530878249634	0.5401409663524912	0.217908276532992
00759-04	0.6003465925239376	0.561750774736694	0.21598852686642853
00452-04	0.5585423713623184	0.19823410972965771	0.19533063207805515
00453-10	0.5647464608223737	0.19985912238510317	0.1835076993373228
00453-22	0.5585167431026086	0.22626757920640492	0.1639906984961065
00503-11	0.5281732091096376	0.23824656236845088	0.2187549012963108
00656-18	0.41714167978327116	0.34720536546472963	0.1996863549802191
00759-05	0.602435442353227	0.5573051931900744	0.22044422165561048
00504-08	0.5445358673861028	0.23489602174401036	0.17630202704869977
00655-01	0.5335315543979462	0.4025222450807205	0.23591268857139255
00707-20	0.4655282495340414	0.41963028620353726	0.20554112421313656
00809-22	0.676670832281763	0.7628151112407343	0.304688194060995
00451-15	0.8429245693365255	0.2984055581982315	0.2798236275098199
00757-21	0.5120211537470803	0.4983995392895129	0.25762436933092847
00809-01	0.6906955059914438	0.7402561968933755	0.295964319873244
00808-19	0.48260697680796855	0.5542881692484776	0.2697020366456819
00706-24	0.472905773251569	0.40216870862703774	0.23477023556828258
00555-07	0.47846072210268226	0.2348105637737612	0.16410160682123673
00604-11	0.7493223748200075	0.4226781089025574	0.2833771106877379
00555-15	0.4671989252943949	0.26052979512710267	0.1760100089089362
00810-09	0.564754714083551	0.616993183040448	0.24488974455900472
00655-19	0.5191512568806106	0.4202477885587252	0.25365282600337224
00707-10	0.47936893056369306	0.38461651894540083	0.22028355981345754
00758-14	0.44861351722323717	0.44989884173704736	0.23065053169873057
00604-20	0.5889540698263918	0.40178212126562285	0.24962118006300724
00553-16	0.7557404929362475	0.3925825447950595	0.2778814561272806
00604-10	0.7499235334600836	0.4165588292167435	0.2797555070498099
00503-19	0.5183165467249793	0.26587820071272744	0.20471847503181573
00453-24	0.565387574791963	0.21921308972924086	0.16094321220576369
00655-22	0.5243147627803323	0.41577410260313274	0.24087169955969648
00553-23	0.51961251444511	0.3191832447989984	0.22697328592122
00808-10	0.6463124130463341	0.664373496731615	0.28904140792629957
00758-24	0.45483135273096986	0.45482519556410744	0.2002663936336886
00657-20	0.4267527098884472	0.35376086372209414	0.16311864605353266
00757-08	0.5853083208892891	0.488227969993207	0.2727059021566438
00604-15	0.738096626472426	0.4474486026130957	0.2838326122284907
00757-24	0.5202799619149292	0.4852397181067276	0.24855241984593676
00758-07	0.4631176571609779	0.42549370055917646	0.21422059660121026
00810-05	0.5689561703282588	0.6203460253045856	0.22213320796824082
00757-09	0.6817258085568754	0.5983235595208294	0.28231993368798913
00555-22	0.47096628104347105	0.2667308139122911	0.1563327021114174
00452-06	0.5587256365849966	0.1933341186944997	0.20245333564515464
00503-00	0.5514440139166442	0.25861234991442417	0.2095064505395061
00606-17	0.45161772117932025	0.3096361215498969	0.1725284324302434
00504-07	0.5456801701699323	0.2345523540701037	0.17276469018457696
00451-21	0.6569232626790295	0.258885382424265	0.245510414618586
00708-22	0.6057307356606099	0.5351549090450394	0.2084270858544253
00503-14	0.5203142748910495	0.25083339992377957	0.21970175503999448
00604-16	0.7353765519531857	0.4523637789627719	0.2804581032600544
00706-10	0.7161056038707784	0.5437025699740787	0.28612358619977596
00656-14	0.42291037063534	0.3343212999206769	0.20987090425615193
00451-10	0.8521498249719741	0.27206794950148394	0.27603798377656646
00808-01	0.4972762457127091	0.533617193101946	0.2501164498734522
00657-11	0.4406654616563535	0.3281454779159551	0.1773698278581925
00706-06	0.4828000582717306	0.3765800722185182	0.24609159807601852
00655-13	0.714341045148565	0.4979635059386569	0.28762043344397376
00759-22	0.5787957297349879	0.5990764115765562	0.21641300201189304
00555-11	0.47189027468985945	0.241755419494815	0.1753327946014634
00706-17	0.6909833591494623	0.5821728780026888	0.2822257440519368
00453-04	0.5719478183029248	0.20181891566945148	0.16394307877616077
00554-15	0.497248370673575	0.2969523730208576	0.21716718388107656
00808-22	0.4876106190898008	0.5489758890252471	0.2557571088069877
00758-18	0.4425416089331602	0.46526404771598384	0.21943935973252593
00706-01	0.4756196630082191	0.39726945959229093	0.23411375705410314
00708-13	0.6085594287298063	0.5113989934670509	0.2460769951791376
00810-06	0.5701266678460148	0.617607736732395	0.22749330952570457
00606-06	0.46756501424586544	0.2783230036384964	0.16247988694935775
00502-11	0.7918126323430551	0.3075917769358564	0.27973139825162935
00554-24	0.508111057171007	0.29702025195767956	0.1902446284655684
00708-04	0.6241828105405159	0.49723426360783374	0.20762907956597723
00554-11	0.5050671786535238	0.27855399684489446	0.21716359372320562
00758-12	0.4540534873495167	0.43928629496303256	0.23038352724478517
00502-19	0.7734823725845814	0.34086175687316916	0.26244160579713677
00452-09	0.5536243768274401	0.19390311323124812	0.2141951075174941
00809-02	0.6943953580800075	0.7312178545965937	0.29661675593380427
00452-24	0.5521268914546023	0.2150969661496957	0.19126026415094732
00656-05	0.44274386342559985	0.32143690218594895	0.18964231859163835
00555-17	0.4667791218970122	0.2678476976557825	0.17131825459933403
00808-11	0.6436730328980863	0.6704482512606503	0.29273228110522437
00809-20	0.6688164405020333	0.7682698265290305	0.31783287577674313
00655-23	0.5279180122059112	0.41254652310834916	0.23832396311573603
00706-19	0.46190678094291987	0.41429335121865873	0.2515014278444179
00502-22	0.634118116474198	0.29909815478961316	0.2412089942956292
00757-11	0.6772755375110829	0.609359062261512	0.29058077142687067
00451-04	0.6804741487035822	0.24155937814928882	0.24534088659853828
00759-16	0.5743424751611476	0.5952949008154168	0.24857130810031605
00503-09	0.5316887365699662	0.23210483176963245	0.21285920543589287
00554-14	0.49999516094795105	0.2929224377217748	0.21902526534242
00504-06	0.5477357342765867	0.2359710938322875	0.1695358304870063
00707-14	0.4684920933434303	0.4025414314372809	0.22459724990904226
00606-11	0.46030303423915253	0.2846121529770518	0.17692015762287763
00504-16	0.5263080306813219	0.26333025435268503	0.1822260938262749
00809-23	0.6807242512723103	0.7564001098784736	0.3000078108898271
00708-05	0.6260188801022054	0.4929250279669568	0.2119371104065947
00657-10	0.4449757813713127	0.326231625215669	0.17571033198931965
00502-24	0.6384402573445983	0.2902157295947932	0.23667922325435925
00808-16	0.6229865485006559	0.7001298779037767	0.28980574247066165
00759-21	0.576072708766204	0.6032420443390556	0.22104503893591973
00655-05	0.5815686579950599	0.4154673611654384	0.24481976026241734
00656-07	0.4417920201879859	0.3174956312479613	0.19636323608475886
00555-02	0.47906469420717473	0.25024431926560153	0.15325276878433902
00503-22	0.5236381792051367	0.2617576356229564	0.1942736956956881
00453-19	0.5516538121522337	0.2303837072277384	0.17333699877998368
00707-21	0.46722835135651286	0.41804413178528993	0.2017565614076694
00554-12	0.5043089841769781	0.28342730170534036	0.21897763307136908
00810-00	0.581570763774295	0.665286205069408	0.23871623720058438
00809-08	0.7002337096800839	0.7024525846223437	0.33240212767234023
00708-12	0.6120790081434835	0.5045484675999269	0.24510165377422855
00605-16	0.44481882202029155	0.30180501433037377	0.20664123911848783
00656-02	0.43675143334660355	0.33148142148242377	0.18288066550909052
00657-04	0.4495041639993265	0.32926356982225913	0.15827056574781576
00655-08	0.755180149173509	0.47993261914210916	0.27579454706734335
00453-23	0.5615984762580037	0.22300928412998577	0.16211974819275515
00657-05	0.45129391105344346	0.3267649997023001	0.16073215437994615
00757-23	0.5167984206412364	0.49020450987244607	0.25036116226370775
00503-16	0.5173725236368777	0.2591706928835551	0.21551166603421906
00808-05	0.5060743132656441	0.5126670168117788	0.25873647673748784
00606-23	0.46105733318089903	0.3069422806112183	0.15623118139811848
00706-20	0.4625631709604148	0.4139345300566847	0.24681229253485787
00758-09	0.46135171670359926	0.4277683558477184	0.22234443516932081
00605-20	0.44562875741888025	0.30802609263026237	0.19255482486254052
00451-18	0.799128364543195	0.2890703810434636	0.26651234804144097
00504-19	0.5282755836192828	0.2705631966623723	0.1728767836443011
00605-00	0.4745212176355704	0.30190780483548413	0.20047256402331776
00555-01	0.47726893436569956	0.2547112165970422	0.15281535957887998
00655-16	0.7033432082065043	0.5147743450025025	0.2815274387032012
00656-17	0.41749418973536173	0.34503200611916673	0.2031538154186762
00657-12	0.4379917220861952	0.3322981380625112	0.17889420019231245
00605-23	0.4525869876791032	0.30175523729192405	0.18436864177436085
00810-07	0.5699367568883168	0.616169253587582	0.2338169450085336
00503-20	0.5195291650735492	0.2656892164450674	0.20081100187739606
00451-16	0.841515213945916	0.3029910516186857	0.27685394020415677
00503-06	0.5368238964697415	0.23177066204632205	0.20144119403581623
00555-08	0.4764461946264722	0.23462989627820438	0.16735980304387743
00504-15	0.5271835047703757	0.2593934636534509	0.18434593691149642
00757-07	0.5308836832756348	0.45499889538695565	0.2657938525149672
00502-13	0.7884406979227083	0.3196119992729347	0.2832598970045804
00553-01	0.5245337769848715	0.3104721625672538	0.22515878294967448
00810-08	0.5671570266752167	0.6151397405357909	0.2393416209747746
00605-19	0.44494491093137134	0.30829138174412346	0.19637684845388287
00810-20	0.5377583167835333	0.667795330448307	0.22790161452053545
00502-08	0.79309808192236	0.2962152698969599	0.26658618233730713
00451-19	0.7985690550022401	0.28997412789325955	0.2614564749341537
00606-18	0.4527961949881221	0.31264122149567136	0.16991901089009778
00655-15	0.7064610550103729	0.5095685965388979	0.2847661073078797
00553-22	0.5169380827795245	0.32276984705668144	0.2294961129218162
00503-18	0.5163853515774153	0.26424132958889157	0.20838619580319537
00757-18	0.5629226083059602	0.5352841793256635	0.2744461445190525
00451-00	0.692958076478717	0.2523178584182288	0.25975712105156884
00656-24	0.4316238523049069	0.34024504302336045	0.183220756879187
00708-15	0.6020480920552469	0.5248085095524218	0.24329575853211677
00808-24	0.4946896841882365	0.540205437612081	0.25113937034728834
00809-11	0.689585050815837	0.7158145245847654	0.35092227320135
00503-01	0.5322217133896516	0.2502134111531504	0.19031557647771857
00504-14	0.5297253001693091	0.2551729445370105	0.18582333486429137
00606-00	0.4819304924403112	0.30652457425609925	0.1695776406622877
00555-20	0.4692866765478766	0.2713929193129289	0.16195084653867475
00808-03	0.503317613330501	0.5223737112701515	0.25261911618153304
00757-17	0.6108853250664145	0.570468253273949	0.3263048935871499
00808-06	0.5057321357149472	0.5090012532037074	0.2627893624614142
00604-24	0.5958055702707831	0.3871125477857436	0.23711882751775404
00708-16	0.5993339001440181	0.5303853315477058	0.23961380156893358
00605-24	0.45406804043917015	0.2972970421009145	0.18280716998791088
00707-01	0.47871684571109036	0.4029156999473013	0.19420062415013872
00452-23	0.5492329891957876	0.2190399271131591	0.19275626948184565
00452-05	0.5602069252268808	0.19578645975797573	0.1987547590476828
00504-04	0.5478697441837905	0.24135821828029466	0.163878323096929
00502-02	0.6442705225133487	0.280409992144829	0.2370312087416025
00757-15	0.6609547967005999	0.6337881373014629	0.2910530278147814
00502-14	0.784754238663698	0.3251510008035571	0.2823912868413548
00606-01	0.46542680180407414	0.2982060937263584	0.1545974790690251
00655-07	0.5832642818535905	0.41273324647679654	0.2538700545535151
00553-02	0.5268498223103439	0.30583803063563214	0.22564205706070742
00606-07	0.4671016217815017	0.27745032618471827	0.16575462994243725
00656-20	0.41949339808681807	0.3488080809762556	0.19246877097715767
00759-24	0.5869385799048	0.5883312709794982	0.21084219350414526
00606-10	0.46199738839250626	0.2809385049056876	0.17466739000602338
00656-23	0.428298103318499	0.343650216771605	0.18452956003163623
00502-01	0.6417705822788456	0.2854748513672595	0.23644977013213295
00758-03	0.46294301164027307	0.43964761157961796	0.20165519691932157
00606-13	0.454628230679364	0.29231047739606325	0.17836710444378334
00706-13	0.706094192233018	0.5622324055306842	0.29290820166592213
00758-13	0.45055745402177805	0.4439385189526673	0.23089583520198687
00656-15	0.42071969388895214	0.338720666281763	0.20846009153627146
00808-15	0.6261757098757131	0.6949352521750313	0.293235154532997
00553-24	0.5216080483876153	0.31470997724053174	0.22535153070327354
00504-21	0.5316443866522264	0.26896539311240336	0.16641573139670243
00810-22	0.5452575303672441	0.6641708007756052	0.21816648913310852
00656-13	0.4264492397646426	0.33084778845422935	0.21068162284757216
00453-06	0.5725114690172034	0.19688518025146687	0.1699988762977907
00553-10	0.7703915770591596	0.3582528242846766	0.27696170266732306
00706-08	0.6111227953974453	0.43236659242857417	0.27062027035385894
00452-10	0.5512238242985255	0.19614082309831915	0.21739223263515237
00656-04	0.441082081358057	0.32384450703498	0.18646721589122073
00757-03	0.5279819351226639	0.4679754198001967	0.25024200864522106
00503-05	0.5379556134534853	0.23432141214460342	0.19789852896602192
00453-00	0.587590600965741	0.22226294267965047	0.17693337679344778
00451-22	0.6598815413734289	0.25635412023530685	0.24213220009387312
00451-03	0.669827782448428	0.23341326842062404	0.23921930271991385
00604-19	0.589078605569141	0.4025327275874461	0.25450308120905246
00504-02	0.5455270267807817	0.25008715675427823	0.16088881056381155
00553-08	0.7697893157416982	0.35072856017149967	0.2668913786233084
00656-10	0.4326734752751515	0.31827104052473343	0.20533530013516232
00553-20	0.5131237401407966	0.3265249838307651	0.23642075349689942
00706-02	0.4787539202821631	0.3922599083727291	0.23468744106059802
00808-04	0.5048476959328887	0.5167028095453273	0.25502416257244737
00757-12	0.6737884997480291	0.6159076416646616	0.2930901479475555
00605-14	0.44758427163129627	0.29348183307873643	0.21028003001698345
00451-13	1.0997259843606775	0.3561089488730751	0.288106568140819
00810-13	0.6915092000178249	0.7409214347525087	0.28823693552677343
00656-19	0.4179417170030771	0.3486159866616793	0.19604857947401588
00706-04	0.48216596916827986	0.38288895371998355	0.23891124098901112
00656-08	0.44001192581095344	0.3171704244436639	0.1999506744351986
00502-06	0.790439202406328	0.29533879136253416	0.2556638193706002
00554-09	0.5105267319807936	0.2731801363003699	0.21181902099990765
00606-14	0.45462302789325015	0.2978487045518875	0.1784152568941718
00554-00	0.530513278524852	0.3013799190031494	0.2088618471382761
00502-18	0.7741678017062362	0.3401126670814202	0.26751263144471626
00810-10	0.7054663714117465	0.7188058867233464	0.2798739938904946
00706-07	0.48290750797343623	0.3757917863205617	0.2506143943929127
00452-19	0.5412184713403767	0.22650520060462798	0.2059502015321927
00452-03	0.5578218625523979	0.20197072265442473	0.1930362040050876
00708-02	0.6185280260268916	0.5092764585534876	0.20253115638377764
00708-11	0.6157283742340737	0.4988038189020847	0.24263792605369347
00604-09	0.7508434169430706	0.41204583687701685	0.27518679101184085
00555-21	0.4701631883370783	0.2696354236768348	0.15895577799201266
00503-12	0.525027193546782	0.2420093266355677	0.21998590964856496
00759-17	0.5723303346724086	0.5999585402010488	0.24354414518717063
00707-12	0.47362707707776663	0.39259103013777635	0.22435905561761316
00809-18	0.6668245839541032	0.7665976396781524	0.3337588760351217
00452-00	0.5741685601658355	0.21808275087521325	0.21027085570998563
00706-05	0.483586846720663	0.37967088395282445	0.24246000957273756
00452-18	0.5379735185388553	0.2246404211920235	0.20939391050197315
00504-09	0.5434601806948391	0.23687764142304563	0.17993527468586865
00604-00	0.623909728485748	0.39444747352354326	0.25925052755452194
00453-20	0.5538285350538618	0.2301602608089165	0.16983912040596136
00809-16	0.668919270610318	0.7558953772614607	0.3468667281178834
00451-17	0.8005973296854992	0.28683131652517313	0.2714599370377742
00759-19	0.5726332681129078	0.6052763556269176	0.23242056570882444
00758-06	0.4644073901199622	0.4277335260599974	0.2103625199368202
00504-22	0.5350613663857698	0.2670551584217109	0.16390384455507861
00452-07	0.5567882137748845	0.19225931486388634	0.2063665229612189
00452-20	0.5424705472051113	0.22630018526407641	0.20167413704297715
00808-17	0.5375435944953509	0.5909262568144321	0.2824292808476957
00502-04	0.6463345756983351	0.2711603025536218	0.24114424546525182
00708-06	0.6264775847757424	0.48962899155343315	0.21715987573048628
00657-23	0.43553926284797057	0.3486202783042922	0.15650115265850084
00554-13	0.5018307427279286	0.28791942828085326	0.2194788216294057
00758-23	0.45154387635913945	0.4590077165982366	0.20176155047295133
00502-21	0.6328060770054813	0.3023765957664906	0.24509615667541707
00708-23	0.6082859208373884	0.5293011774851111	0.20491812042365173
00810-03	0.5653532825324308	0.6324079080796353	0.21448818089929073
00503-24	0.5297298449849583	0.2546874492219199	0.19071858695690594
00708-19	0.5991951049832511	0.5406711174101237	0.22425900811804642
00451-02	0.6696703239254195	0.2387455679521054	0.23772367865690322
00605-07	0.4588727946563678	0.27270448989282553	0.19571426057625924
00504-20	0.5302917797441489	0.2707308394053198	0.16966822419295502
00606-08	0.46524568149022	0.2772370070363993	0.16886480368138687
00707-22	0.4699413689032119	0.4158083553659833	0.1986900737883033
00605-15	0.4460546665635872	0.29790412115352666	0.20902530320209983
00657-14	0.4312415843385861	0.33989933834533165	0.1786205135765656
00810-23	0.5495545576810243	0.6595407537509388	0.21486679054878957
00604-04	0.6045867723277938	0.3666541750230045	0.24161207445615288
00759-23	0.5826236147395516	0.5941053678505946	0.21300399003212406
00554-20	0.49782132999602197	0.307715510749518	0.20012585426624752
00555-06	0.4790293987807774	0.2357456392140885	0.1609511439394011
00708-01	0.6164062964957951	0.5168538721908604	0.20195819726671355
00808-08	0.5604661076379053	0.5462232077732441	0.27577295654367634
00451-07	0.8509079703798524	0.2661053843276836	0.26156831027484634
00758-02	0.4604019562937685	0.444379303917898	0.20016110156411887
00707-00	0.49811247431802397	0.4166828588120461	0.21403532227332825
00502-15	0.7811718929329717	0.33024676483946375	0.2800243699413503
00504-01	0.5420855173142564	0.2543645700677242	0.1603381565330482
00605-18	0.444844302383746	0.3075504755318142	0.20042593094358072
00555-04	0.4798044665822026	0.241375231323138	0.15581440080200004
00604-01	0.5991348740083463	0.38207307227206055	0.23669334095857403
00502-23	0.6364017918700039	0.295086160823662	0.23857045928841947
00655-03	0.5387434892596827	0.39229469742193324	0.23844759678877314
00553-17	0.7537697273504755	0.396126920697613	0.2736045070473463
00606-24	0.46316009289137466	0.3028251559381265	0.15502458759507173
00706-18	0.48683538143788346	0.43059482010988626	0.2561716689711515
00451-12	1.1017812151475161	0.3487247675892271	0.28699938995614477
00553-05	0.5310672470516278	0.2944518673164005	0.23332570487169882
00504-24	0.539864279541534	0.25924525982111335	0.16089084238233903
00451-11	1.1037981954380423	0.3417526452284374	0.2845681867541324
00657-22	0.4330772399671128	0.3520513377843193	0.15828200352558716
00604-02	0.6012493387729051	0.37630815171473164	0.23720673806328943
00759-09	0.5973561990010937	0.5533955120744198	0.24273026807998713
00809-19	0.6671685711160387	0.7683680164903886	0.3260085508448356
00452-21	0.5448479217255513	0.2249648447771009	0.19821798818412742
00809-15	0.6718671947175773	0.7483234643271537	0.35159054232388537
00810-19	0.536688612948151	0.6678048633568446	0.23401037453779158
00757-10	0.6795589941982526	0.602862923914128	0.2868129047197409
00808-09	0.5594836247360808	0.5488737564540022	0.280743752965323
00605-21	0.4482660656912687	0.30734588827256387	0.18943267378551307
00604-08	0.7505046800603892	0.40872766447378583	0.2697606343091792
00707-07	0.4861912986332569	0.3817544536076587	0.20929981341718695
00655-24	0.5312322648163407	0.4080482035802782	0.236767634642839
00707-17	0.4638091785281576	0.4152288373215285	0.21743846365783098
00554-04	0.5152861295326113	0.2789969931986492	0.19402184533876757
00809-24	0.6859342346925807	0.7487977359052521	0.2968422852203814
00655-00	0.5534329675491375	0.4153223021265924	0.2586014775073659
00759-07	0.6015708922717314	0.5516968941736705	0.23131825905109948
00706-15	0.6987816718390958	0.5748478237323412	0.29027952711894955
00707-08	0.48328784626454074	0.38044932711343554	0.2130636923459257
00553-03	0.5287069476506917	0.3013672857816077	0.22740969009860904
00605-10	0.4545930717449099	0.2765660835347755	0.20606594334783576
00809-09	0.6975776340902097	0.7051255547131194	0.33962444397218905
00555-14	0.46818322210810415	0.2558625590381071	0.1771808425856406
00655-06	0.5830510189363981	0.41373856686661725	0.24933925477934182
00706-03	0.48028153480922736	0.38697350577259193	0.23633522930804726
00707-16	0.46556296025748695	0.4124188775954735	0.22102084464313415
00503-15	0.5185681762942836	0.2552525208814813	0.21818529934658215
00657-21	0.43014563258326327	0.35378120353476916	0.1605143768045847
00809-12	0.6850285582514591	0.723075715048766	0.3542065583566276
00706-00	0.49459518446009193	0.4108898613015016	0.2561783952691894
00604-18	0.7302618943596971	0.4574021538491202	0.2709097565066651
00606-16	0.46046052957700984	0.3136012168737972	0.18626898959565974
00758-00	0.4749883381182351	0.46279110582818517	0.21935405269581632
00554-22	0.5024860840990635	0.3043577113290283	0.1938246448948041
00657-16	0.4268288991211647	0.34757771487498207	0.1751716839378656
00503-04	0.5372589680092774	0.2374498269053671	0.19481832592618462
00453-09	0.5663949836096257	0.19724761710199695	0.1802702827432185
00605-04	0.45942332862507856	0.27924023206224846	0.185983751500241
00655-04	0.5799338082890988	0.41899013224715775	0.2414174287082247
00555-19	0.46857150918967694	0.27165757425876674	0.16523605286171264
00758-21	0.44593933816045567	0.4653654414134375	0.207512197110317
00809-10	0.6941272473902926	0.7099476821561341	0.345979705355539
00604-17	0.7321807282804228	0.4555285057603064	0.2761461261698472
00605-06	0.45933681361405965	0.2736032508296302	0.19192440419637816
00707-09	0.4819433269756516	0.38201943644170705	0.21698517351435792
00452-12	0.546211318729022	0.20336612372152235	0.22115758561574725
00656-00	0.45194504681131964	0.34767354797240146	0.20106815645336187
00451-24	0.6650492460649672	0.24848981023992964	0.23780236160490376
00453-14	0.5534394220357164	0.2158064705444806	0.1865893355639709
00451-08	0.8526874778542911	0.2667479626918031	0.2667935202020104
00656-03	0.43925313734699045	0.3276884413005647	0.18439280689909893
00759-13	0.583773485514465	0.5752257533337797	0.2551456841903943
00706-22	0.466839812972067	0.40997707244076353	0.239042216181235
00758-11	0.4564623343328249	0.434552450137945	0.22866591904397668
00604-05	0.6055132765649447	0.36302161405125677	0.2450870830764326
00809-13	0.6808002689389834	0.7317121778423816	0.35519068246644575
00553-12	0.7668796085088735	0.3695228755294368	0.2829273057449054
00707-03	0.48279020507378667	0.3925212706111754	0.19608464417022226
00757-01	0.5234959981736517	0.4796102436249637	0.24801458964690407
00808-23	0.4908746019964125	0.5451687105185223	0.2530010263484158
00757-16	0.6965515009443807	0.6739685455638259	0.33599915941852226
00655-02	0.5365412171823387	0.3975425451220727	0.23664943327861754
00809-04	0.701529401329811	0.715901670513117	0.30406984181312186
00657-24	0.43859157559615286	0.34489576273481937	0.1552696002476425
00758-16	0.44448355857845157	0.45931216524783697	0.22659798364447306
00809-05	0.7038857401951332	0.7101677445169873	0.3094856297268396
00657-19	0.4273685080299029	0.3551006152238605	0.1667406583997412
00554-02	0.5115091282163841	0.2870498651733576	0.18999161908286563
00810-18	0.5366168668282987	0.6667476239797708	0.23995502851530037
00706-12	0.7098101734288454	0.5554106511503816	0.29185621874076423
00758-10	0.45917857068005824	0.43064326712642426	0.22587316696535886
00504-00	0.563713981285149	0.26351635252930783	0.1769438005711265
00759-00	0.6153774984468868	0.5997509121564537	0.2367184727958935
00502-20	0.772863397304653	0.3396182484792417	0.2567872954759235
00604-12	0.7475724813399907	0.4289068623809767	0.28573637372034094
00553-13	0.7646432790163026	0.3759486774349668	0.28400294434327794
00504-03	0.5472588418626343	0.2456698905042005	0.16204679671961833
00656-01	0.4344842503610764	0.33599945761851996	0.18265369245207358
00758-15	0.44623631339027237	0.4548031681334275	0.22904116155241327
00554-01	0.5099920396526694	0.2920735785956315	0.1896304240506552
00655-12	0.7177189325064417	0.49140466400565214	0.2866806206470635
00553-07	0.7706521779625465	0.35024839761607435	0.2621279699934222
00453-05	0.5719319424873252	0.19875320506604835	0.1666248784508626
00453-11	0.5613784677161017	0.20305320499766452	0.18559779363757675
00810-14	0.543867654201366	0.6435862495754219	0.2555777477979872
00657-08	0.44917200044995503	0.3230366828460825	0.16988604361082055
00452-01	0.5544640361419757	0.21075087050571517	0.1908383478976418
00656-09	0.43732040616410445	0.3176435561088973	0.20311068872381077
00555-24	0.47551081899321407	0.25941606160585456	0.15339627017709284
00757-04	0.5300858144421253	0.4630627632513615	0.2530741432382047
00707-23	0.4728925665176907	0.41244561259042545	0.1963677838413803
00708-14	0.6052407003519717	0.5185645251755324	0.2455371600514517
00606-15	0.4531077071058744	0.3024311535749642	0.1772610993896778
00451-20	0.7974524910293466	0.2886044865565072	0.2560977731538381
00604-06	0.6060035853900518	0.36036862317601775	0.2489175962174543
00606-02	0.46596572910084794	0.2928338913564128	0.15479681362222394
00808-18	0.48231935873621673	0.5530749167132281	0.27454700599025117
00453-03	0.5711916216709954	0.2055947243336651	0.16208366887725856
00451-09	0.8528585349702359	0.2689113574409075	0.2716903767336487
00555-12	0.47091813442674557	0.2463484077951887	0.1768849704855002
00655-18	0.6982772623985302	0.5200368490231934	0.2719130724181167
00708-09	0.620944961613385	0.48960284530804776	0.23405397260112618
00757-20	0.5102625652159731	0.5003118119957729	0.2622652195024662
00553-00	0.5475296173255466	0.3208932753053449	0.24649951554574878
00657-06	0.450473247395909	0.3238880831780393	0.1634024568205362
00759-10	0.5945079996802161	0.5570975151444859	0.24766981273302222
00605-12	0.45104440573345217	0.28417634929403335	0.21019341983241457
00503-07	0.5370707535020011	0.2313625469986738	0.20582824095316096
00554-16	0.4959781327070709	0.3008923436746869	0.21469806750534084
00604-14	0.7416531017195747	0.44199878313930396	0.2860122246879643
00757-22	0.5150465326785607	0.49561526279676643	0.2537301032307716
00553-18	0.7510049054531203	0.39794574805845623	0.26846866242391576
00503-13	0.5228466392609143	0.24653134987699094	0.2203916906482121
00504-12	0.5343795864862143	0.24595522341127585	0.186005271945719
00657-15	0.4288485407769124	0.3441621973374021	0.1774154446534855
00452-02	0.5568637673254183	0.20646290712524493	0.1914688571104585
00553-15	0.7584392355609644	0.3878283845347655	0.281199523471705
00553-06	0.627195700958176	0.3131853300154308	0.24882026091174267
00706-14	0.7017896761784745	0.5682180518996391	0.2921282348425851
00706-16	0.694581824643648	0.5794269857885541	0.2866695140819931
00451-23	0.6626606763633709	0.252842191296518	0.2394871150884644
00810-02	0.5626825946688344	0.6398750137747575	0.21251317115696244
00555-18	0.4670157079096226	0.2701760478428186	0.16840495330280403
00452-22	0.5452661897899856	0.22185822735014102	0.1947305903329045
00606-09	0.46421460763486355	0.278790797538804	0.17200739111051475
00452-14	0.5425655330010224	0.2123006575507775	0.2209887524650043
00707-11	0.47637207826587596	0.388107087405712	0.222760949934739
00451-14	1.0959310711381816	0.3644302060359539	0.2873971220551589
00656-06	0.4427404746894165	0.31898690105278255	0.19285174933049845
00808-02	0.5002854362137249	0.527829651436421	0.2507575191234183
00706-09	0.7187496126805506	0.5395479612256434	0.28192826327944165
00503-17	0.516698979493467	0.26231775720741474	0.21228451859255637
00606-19	0.453864888695027	0.31398385615801444	0.1666560880630997
00655-17	0.7003594027867261	0.5180310927494514	0.2768930813029411
00707-15	0.46615401132927664	0.40722516672161235	0.22323663469934904
00553-04	0.5309252136725362	0.29787235719623223	0.23012443053429282
00453-16	0.5513093246857705	0.22410358005088962	0.183025584987176
00657-01	0.4424351142344982	0.3413550295818591	0.15497750554630468
00604-23	0.5935349942136046	0.392081985641949	0.23887250181165912
00708-07	0.6251655782064299	0.48762168489397195	0.2229097060617907
00759-11	0.5905513669640484	0.5619881371039926	0.2515893530289543
00808-12	0.6399667292260486	0.6767710168861513	0.2950030029120432
00759-08	0.5994639117869957	0.5513728663933024	0.23726055054260645
00657-02	0.44557285597174556	0.3373291786759426	0.15547619119038045
00554-03	0.514393360168491	0.28324586899091136	0.1918054917704454
00809-17	0.6686849605265656	0.7631547497221397	0.3415285404060766
00606-21	0.45630712777192983	0.31237484130926085	0.1604155573442414
00553-14	0.7622614777806012	0.38247710615623587	0.2833559034132552
00604-03	0.6030161453620245	0.37123283839957755	0.2389751246450674
00656-16	0.4188044739836413	0.3422284004586478	0.20629370334947822
00809-14	0.6758861956574781	0.7402887213128779	0.35430061304546034
00759-20	0.5739995280800947	0.6054424464772127	0.22669605113858282
00810-01	0.5585066727995424	0.6465293066995865	0.2118069545576634
00502-05	0.650128763135509	0.26869391568583617	0.24560644714862734
00555-13	0.46894461844375346	0.25077911764134087	0.17726247755859514
00555-05	0.4804018587704044	0.2383094489745668	0.15816499677490292
00606-12	0.45735168673908727	0.2883091999489646	0.17806626728586064
00502-16	0.7789622373705349	0.3349899837711913	0.2768367673977219
00808-00	0.5171479114317042	0.5498781948774278	0.27393606030974843
00453-12	0.5584982205824509	0.2069771256107647	0.1868694519965702
00504-13	0.5314098735315235	0.2503746055222724	0.18632209626198606
00757-02	0.5257533383382764	0.4733148379363861	0.2483239718228203
00504-23	0.5378845320657701	0.26358029255369936	0.16213843205077252
00810-04	0.5676569770050588	0.6258351891954168	0.21771319341564663
00452-17	0.5377951170359304	0.22252036666988528	0.21309129525025516
00708-00	0.6400290178189327	0.5344243911280966	0.22823655433197418
00706-23	0.47002638228093735	0.40649773129435424	0.2365924199053078
00808-21	0.4851102883730868	0.5520506052792514	0.259648923330909
00504-17	0.5252117697435132	0.2663608250975761	0.17936061918695384
00810-15	0.5390724805258311	0.64956210633169	0.253364140737093
00655-10	0.7526108330126438	0.4870045240134631	0.28509893060681907
00708-03	0.6216951577396738	0.5029289202590793	0.20444797388637417
00707-24	0.47599343818411816	0.4080239061742624	0.19471371328486298
00604-07	0.7500627228247112	0.40745666299659	0.26446250513863784
00555-16	0.4670152133894501	0.2647167938128229	0.17393641442538785
00810-17	0.5366865245403893	0.6623747606600903	0.24519559374947222
00757-14	0.6660722397393016	0.6287033412652298	0.29322217472963163
00605-13	0.44928526910091543	0.2887706737700177	0.2107062009197887
00554-10	0.5078668818084796	0.27529625742797725	0.21496778551815757
00757-05	0.5314011709373105	0.4589695888527916	0.2565992581658495
00809-21	0.6718113268516755	0.7660307331420114	0.3107282597446488
00452-13	0.544345579770546	0.20787953786798732	0.22170847832217555
00502-03	0.6460003399476884	0.2756791959313816	0.2387579272436706
00453-07	0.5702326945626174	0.1959327019424001	0.17339932190487797
00503-10	0.5295620735954839	0.23452144428574848	0.21606056810589486
00604-21	0.590054202520946	0.3997320728560983	0.24536642085161045
00809-03	0.6979477780779304	0.7230032028884371	0.29923273473764644
00656-22	0.4247215482446779	0.34605058680125284	0.1863735721688574
00655-09	0.7543293743445174	0.4826254652071918	0.28077480121605825
00708-21	0.602480808982316	0.5384219834055832	0.21271389984987837
00655-21	0.5219812018384943	0.418801856759387	0.2447559928630871
00708-08	0.6239431786971388	0.4879051646352702	0.22876115176618986
00553-09	0.7710150091442427	0.35389929905411543	0.27253761795070525
00758-08	0.46278531686850244	0.4262657314427651	0.21850046630990114
00503-21	0.5220237420023384	0.2644103576339032	0.1973055433229289
00656-11	0.4318219325751542	0.32265350367710194	0.20842912803119096
00759-12	0.5870702832887807	0.5683174424342058	0.25407561711711873
00553-11	0.7698580819895043	0.36392580601641383	0.2806647790040231
00453-08	0.5689469804558879	0.19605888786909442	0.17692981328400384
00554-07	0.5149608362178114	0.27248492273294256	0.20450049024117456
00554-19	0.49623519300610336	0.30762030394871087	0.2039871922818228
00605-11	0.45213371949695397	0.27965768754714776	0.2083638841671011
00657-07	0.45025641516563547	0.3231042331171837	0.16669945021575486
00503-23	0.5265124460577579	0.2583964121100856	0.19210140078302881
00757-06	0.5314692048236529	0.45620088986963514	0.26102167678826976
00707-06	0.4862395381434988	0.38271645963138684	0.2051935492712566
00708-18	0.5985714252858635	0.5392796202445318	0.22991477923470674
00451-06	0.8498087105687623	0.26629098003243673	0.2566066577142362
00757-00	0.5438391941800065	0.4950090043137132	0.271870318853168
00605-22	0.45020139647970425	0.3049000931761951	0.18651108720147472
00504-10	0.5403344286814065	0.23892675742583028	0.1825918802756157
00503-02	0.5350044377346942	0.2457910520777871	0.19103204758661757
00809-06	0.7028293113909647	0.7048326143392329	0.31681899988731815
00453-13	0.5555139470294269	0.21122642553757312	0.18720439518279694
00554-21	0.4995295271837188	0.3064374596461101	0.19654432321120116
00554-05	0.5160061122437812	0.2757040075171146	0.19711962337673372
00809-00	0.7179173498808094	0.7614859650534641	0.33105933291370393
00708-24	0.6122602263254878	0.5234790232012795	0.20268467113933963
00759-18	0.5726564505459392	0.6041915303712564	0.23853624700663764
00503-08	0.5345820878780103	0.2311016131896056	0.209412023716941
00554-17	0.49586991693350724	0.30445069733664604	0.21153446569183873
00555-09	0.475259064260501	0.23599160187890927	0.17039419689151
00606-03	0.4668918862884776	0.28815421852967515	0.1556673736037037
00451-01	0.6678026978427754	0.24354734475249873	0.23729663812218313
00453-17	0.5508408350702672	0.22714051174641847	0.18027744862983422
00707-13	0.4705996400290953	0.39726620990844536	0.22492513864253824
00657-17	0.4253561173453286	0.35018241094700037	0.17243429344051175
00656-12	0.42929921479593025	0.32655368805349894	0.210027100365341
00810-21	0.5407707182680873	0.6661586454411477	0.2223397967542399
00810-24	0.5542057777256408	0.6536996991046911	0.21287427897651584
00605-03	0.4583354547119899	0.283165313624132	0.183891279236934
00502-07	0.7926059549579936	0.2952965404398685	0.2612586822711152
00554-23	0.5046759961565712	0.30076341363425146	0.19142691987581653
00604-13	0.7449786062366682	0.43558908770379107	0.2867136561322807
00452-15	0.5406327557239521	0.21638210265825836	0.21928450999425717
00707-19	0.46482017919464413	0.4200928830541566	0.20975909488084982
00808-07	0.505795167053858	0.5079229867306836	0.26775670859459666
00758-19	0.44306236203409727	0.4667504252389148	0.2153021210983914
00451-05	0.6819372597692209	0.23881342985802465	0.2489801396900653
00453-02	0.5711643558272189	0.21036489150095414	0.16105365033186095
00655-11	0.750360297452621	0.49294285673378546	0.2887428144737243
00605-05	0.4593059113705025	0.27573862984367314	0.18852693050148098
00808-20	0.48336304965003946	0.5539010517874499	0.264560824863235
00504-11	0.5373711855653216	0.24215240339761374	0.18474442707429145
00554-06	0.5156135375342924	0.2733051863253629	0.20056101610567553
00555-00	0.4978880177772713	0.2641518589092916	0.1685550045723505
00655-20	0.5205145471370474	0.42038513329095356	0.24881395661020603
00605-09	0.45610367175812444	0.27394994696139424	0.20291646229556476
00707-02	0.4809096942467164	0.3974661923469926	0.19466052561477237
00452-11	0.5479608126025652	0.19924533192275581	0.2195242669638098
00502-17	0.7770487369758361	0.3384690220567808	0.2725744973301537
00553-21	0.5147978497445169	0.32507863681752114	0.23268682831678134
00453-15	0.5516095292513599	0.22000555716018275	0.18512567322631449
00707-04	0.48490324618910075	0.3884262447969809	0.19856032988095387
00759-15	0.5770580166320765	0.5896220411547602	0.2523387676785736
00606-04	0.46835098974952755	0.2844424251584233	0.15746056901820943
00656-21	0.42253001993669737	0.3484991967371713	0.18940789393547547
00758-05	0.4651782291399667	0.43104589819470024	0.20692395482905568
00809-07	0.7022143922876145	0.7030790996083374	0.3245898743624679
00606-05	0.4689702584150372	0.2811832406449996	0.15991566600298018
00706-11	0.7137571625035916	0.5493419524690618	0.28974290414846343
00555-03	0.48003800616440856	0.2458181844293022	0.15423773521577636
00502-00	0.6674974282395878	0.29602759201528744	0.25913402368434835
00759-01	0.5917775083702782	0.5821938102292018	0.21007523799040975
00707-05	0.48688528805098247	0.3854871621703053	0.20188067215384473
00758-17	0.4434410687445996	0.46315345348996195	0.22329940686042832
00655-14	0.7106680994380388	0.5046654046351373	0.28701535086713464
00605-08	0.4578116294977321	0.272814171527705	0.19950457856619008
00706-21	0.4641916720553677	0.412300042038261	0.2426344191495939
00503-03	0.5359779137329247	0.24110154570961487	0.19240048599485887
00554-18	0.4963504893336357	0.3068670955948949	0.2080618041139835
00605-01	0.4557589074126416	0.2924539710108446	0.1822237379024358
00810-11	0.7010773738570817	0.7253104415443021	0.28455783766223963
00758-01	0.4583949659239108	0.45022403688971324	0.199820622566319
00810-12	0.6959254695352611	0.7322284962777611	0.2871724159025506
00606-20	0.4551744428234188	0.3140317028286797	0.16345016695368714
00757-19	0.5089316784662719	0.5000182266770339	0.2670432723005523
00808-14	0.6313415401566785	0.6903926970241285	0.29535211424017527
00759-14	0.5803801465181219	0.5826421450867001	0.25450203756333345
00453-01	0.5686448413511789	0.21489684551279045	0.16062121206722338
00453-21	0.5562942855014127	0.22891654192571445	0.1666895931360206
00605-02	0.4572124469543299	0.28752610641390486	0.182646397237877
00605-17	0.4441094581412166	0.3047118894320827	0.20355468659627163
00502-12	0.7911210164621785	0.3136542520593262	0.28233883249068414
00708-10	0.618644824486355	0.49348855024775057	0.23886670687618158
00657-09	0.4468746163680276	0.32388873256442713	0.17294665273874948
00657-13	0.4342575647978989	0.3358775248119505	0.17919690879490704
00606-22	0.4583400798505468	0.30997118180444266	0.1579550395411201
00758-20	0.4443235104909211	0.46689469219065977	0.21114532012442183
00657-03	0.4480605026350707	0.3330662633875149	0.15657019749375767
00758-22	0.4489013580412814	0.46308681943475205	0.2043956255260033
00452-08	0.5555985718204755	0.1925585574283097	0.21038148601459003
00502-09	0.7929002366655958	0.2986162804383359	0.2715382163946865
00808-13	0.6351565351380922	0.6834997400548394	0.29610475306622447
00759-03	0.5973757432798426	0.5674303323207969	0.21267696401019526
00555-10	0.47387248390830844	0.2383821302197884	0.17321650556966187
00453-18	0.5514118699073848	0.2294826504518218	0.17700425117130733
00707-18	0.4634104494291544	0.4179150716284616	0.21365620502017432
00504-05	0.549559178892515	0.23871205266934045	0.1665985181397419
00553-19	0.7496619504036269	0.398346958931128	0.2629292710592278
00452-16	0.5398321422549258	0.2200969638328989	0.21683935486845798
00757-13	0.6697275319229715	0.6223834083595328	0.29376294060440544
00759-06	0.60214165469787	0.5533571091025522	0.2254864825491624
