29.63703537377129
29.85186257415094
29.977722128629026
29.620621472972466
29.555146841275505
29.23687792298465
28.617760884967176
29.270377432471903
29.35062998182874
29.677462335044336
29.621621968363396
29.530692357665373
29.5649709378391
29.601530929448064
29.639409724781917
29.464962946991253
29.287552265354496
29.423008784644807
29.60522279180029
29.324743989114904
29.600642603396008
29.548375096432437
29.669617973794004
29.69658432301002
29.857555457723958
29.816255105351615
29.61758165997423
29.704871109833423
29.586335296094685
29.627185980880384
29.477341755946483
29.57622652083164
29.658752940778143
29.82106528820127
29.492790354587992
29.591837929119276
29.73372595341079
29.613915726335726
29.708884432202503
29.703807337784877
29.461353886225304
29.541954942888935
29.471418873302312
29.60464451467058
29.415215779667157
29.67947459709334
29.58428571764467
29.849777758044763
29.52944282732789
29.562336965477463
29.468802146870555
29.522290662296847
29.36167986130422
29.564875267860703
29.117805766855685
29.496800353971867
29.59016093353674
29.918359116778
29.68300759336905
29.473629710795265
29.391362434870604
29.265888646454247
29.353095110444418
29.476152797149613
29.616405040362835
29.66734467944857
29.77165045097507
29.416838189867956
29.514389081008638
29.538825103236448
29.469789880537494
29.58724610668465
29.642608443577316
29.794450433115124
29.690152755936936
29.814872383572805
29.74105439874018
29.590542099076192
29.38750836821941
29.48546777525871
29.45150721726007
29.81921387384916
29.453386959158845
29.591841364835688
29.763555313766673
29.754385286385933
29.612278644324057
29.692207830173423
29.5806646276484
29.641690441542544
29.630270694663743
29.5662810203301
29.527827988665237
29.68245448915007
29.60454400885223
29.877219538297744
29.650723959297448
29.55285344142553
29.616720990837205
29.475559939514003
29.656105325250227
29.700238698601073
29.477230120109844
29.542187094994716
29.467798725966713
29.561602920327747
29.746530953149534
29.576580337334534
29.48286388506906
29.532475794052466
29.786049550499087
29.619338448153513
29.715384658667908
29.552462643974494
29.657028504800202
29.69050676621197
29.5046849104387
29.540247846407926
29.40100456876843
29.682331461736585
29.404412170017483
29.402878914902473
29.425844478256305
29.593136930546272
29.619905550607726
29.538029355119285
29.51652197208526
29.484401218204084
29.357977016347153
29.437245865685366
29.479557813573287
29.46072177409799
29.34052884582649
29.25950832751999
29.51680880490133
29.525764811405224
29.6499960386445
29.475223111753667
29.4467460142686
29.464751088756625
29.355448169901315
29.685904008421048
29.34441044113914
29.275525255561895
29.60219380191426
29.835988698942423
29.581169814007062
29.543643176576698
29.50942224092903
29.468687325494574
29.50088356288285
29.535966925562555
29.808976177524926
29.568837241524935
29.50783702021934
29.657355901521438
29.849088374605394
29.686288121382336
29.814428757353944
29.77647857384347
29.576746117602355
29.717417492518965
29.71755587628597
29.725053963927287
29.632144754178704
29.7998955617631
29.77959568455332
29.853361228669186
29.682378302275787
29.759237303140782
29.351287121100164
29.46631748831759
29.57090338211185
29.679989202322176
29.36369541260255
29.71984965073362
29.641271465213674
29.893638753184256
29.652490135495174
29.592915702282035
29.645456580428757
29.768738510121114
29.66789294422288
29.653131867815137
29.602512202120785
29.558994153066358
29.525612428080617
29.600309308926928
29.78203443990633
29.641963666295574
29.737127859589958
29.600556740466303
29.67562292060512
29.442866879686903
29.451092726419724
29.52202549224015
29.62639953658199
29.352924711271132
29.279141528811707
29.292225363190113
29.40164507863042
29.714490031548955
29.65609820395341
29.623585507375783
29.395297003420666
29.75502750043596
29.879243544962044
29.5583538937457
29.421356476562316
29.571182527598513
29.47159574325835
29.575031802946732
29.439640714056562
29.53353172059349
29.53362612045878
29.39950689165381
30.690333525086942
30.38123622994142
29.714250750396495
29.415488058084083
29.105447239476653
29.30083278895537
28.725386904029083
28.58960246730073
28.52388115877331
28.47634257095977
28.34179777338451
28.518255504754602
28.760157718489054
28.988611747133216
29.237825820881536
29.484176884666873
29.931653811595613
30.010969687269412
30.221436422006327
30.70756479747658
30.83224315994288
31.024103157077448
30.97128724122695
29.617323810715188
29.459571795808987
29.37954610877455
29.489577902181065
29.713208071130175
29.619493711958143
29.42126938564225
29.50521549101274
29.590179086840706
29.59031933627505
29.653973187882524
29.85789724685331
29.634388280036195
29.564861886573894
29.800636876839437
29.6689191579327
29.34830341905583
29.693581520975606
29.49769220698465
29.70096643637322
29.736541734533972
29.73183355714482
29.72949731477715
29.707951936825378
29.493992734082802
29.245692000157206
29.44531314045131
29.46752357861834
29.537545743590126
29.626667552073517
29.467071554996267
29.472776060104785
29.488714252042385
29.586265938453412
29.55034156842927
29.35849313697714
29.223781353059234
29.391148322436553
29.621966191715988
29.274121858028753
29.437373554900223
29.748465519355648
29.60467611661026
29.67066344816125
29.61308333029339
29.650762216189314
29.593295456843183
29.587376824577678
29.982002583383675
29.798393730775672
29.644364914593748
29.503334166809328
29.79348429279743
29.54047062269658
29.72380611259593
29.834678508860943
29.979208692295664
29.807744265414353
29.682980363713316
29.773120037868544
29.819384223317666
29.9018559530809
29.78894144158205
30.024295294916246
29.82100114637546
29.945604408463968
29.67117262598671
29.841090687469457
29.82576437234056
29.851331927140603
29.893827304296874
29.73305235419777
29.46047389673601
29.7382645471829
29.4097618266238
29.71809923092242
29.3206510816227
29.580960002251572
29.718808298142637
29.669299261016267
29.650823168691737
29.320610455134485
29.495408441536203
29.56249188747069
29.76994183736825
29.531867231873406
29.623160838055014
29.850578256595742
29.65792704488308
29.700658447097414
29.762427929660625
29.694304554290373
29.612864610806454
29.569655260007885
29.33846654867584
29.34873182146984
29.6556881492736
29.435971393385724
29.586545920098423
29.620451537741914
29.63666559154649
29.625393225546265
29.402369458251695
29.596524626698862
29.635918279208227
29.7775081976294
29.569147122257004
29.65973555977159
29.674731193762987
29.515408052192456
29.799704692868637
29.50367317127726
29.342909865890636
29.774024013786278
29.74039984972962
29.65874160237518
29.75362831718077
29.693899257192037
29.342447838085008
29.566033587515705
29.88883096266343
29.924394323484016
29.60175930364438
29.66842069654648
29.68331133570578
29.74993559837046
29.710853705548647
29.548178742057956
29.777676753745283
29.55615063117883
29.740802966943324
29.636248301274748
29.879739228598087
29.788372346286554
29.85781489781588
29.822182996329914
29.7260210368225
29.571819363034766
29.618021803539218
29.75324783382272
29.692573613502585
29.94853632014649
29.643525430842608
29.88646467669061
29.720734370773428
29.581993523778173
29.470343368841302
29.4636734498861
29.618340809652736
29.472036823697138
29.506599145145994
29.74398270148515
29.87409454246899
29.670874991930454
29.49604047663749
29.33480132802407
29.367839139211497
29.470036803817983
29.780209102965667
29.81668127300498
29.42466299630495
29.65072677585506
29.8118042941571
29.754345584889304
29.665864001797118
29.71589434621719
29.680610841088452
29.86404462316243
29.570538721007786
29.388513174567706
29.52378274304881
29.6698903446177
29.693673979033655
29.67833717250642
29.546816259864077
29.644094074344213
29.434884619586743
29.463620207001973
29.37768009164477
29.50482399858495
29.501548214125634
29.65960587584462
29.66432889796487
29.672527458994956
29.78515846200026
29.730472668189485
29.38342521531586
29.600913252773108
29.61221480722391
29.59190358655064
29.428444879018443
29.589971719561824
29.846574818302706
29.92434838385552
29.345351685745413
29.338769932179062
29.677936141362775
29.482871894198855
29.359194613048533
29.72949413096126
29.745060394783433
29.70104274821209
29.625285598632505
29.916955448128554
29.765606782147554
29.748167077927455
29.876752482208026
29.99070164078249
29.59404358266466
29.96106975131989
29.422478563025876
29.764308402639966
29.769716055600515
29.90368984885088
30.040580665987164
30.068826178231586
29.798603131975298
29.69538282026179
29.561403768223375
29.58929889539542
29.489458742927486
29.395197591162525
29.72050575948638
29.642020297678467
29.76763219605951
29.781589406489246
29.866413584763986
29.811928905623205
29.739412979817097
29.79902676472316
29.66046013995395
29.676969687896065
29.66793880122013
29.612901058779155
29.60461509775927
29.734091326075276
29.666998652165887
29.59931575347157
29.70225664180359
29.819417488163314
29.6894017452116
29.486827108680586
29.364762364557468
29.442912035271902
29.458671601290465
29.40264618216008
29.304264449357014
29.353512331848812
29.406147591943334
29.489969644585376
29.602721933822377
29.589121280633606
29.63759266073686
29.529233811029695
29.661389439464465
29.472154945586627
29.364006676332977
29.525255691561515
29.257654485701266
29.469087777608227
29.573286101071783
29.502513005106046
29.493735080911662
29.57402741943587
29.80847556753708
29.493986891202336
29.317215531524756
29.681098640038027
29.542063083612796
29.714953096830996
29.701358861306954
29.53220216004663
29.66764419486277
29.73003500968891
29.73306990501555
29.6507812336271
29.968872630588663
29.674183157097453
29.836205508221223
29.57894634424614
29.57885119058598
29.720422036196624
29.51445178322673
29.581046288408906
29.790391594265863
29.89314375996525
29.81488190423488
29.7126997879412
29.593987070669215
29.61705809302606
29.542707763947984
29.33855646675442
29.68767808494115
29.21516084456545
29.035834996212415
29.56593158277587
29.570976655796606
29.55519931864393
29.7189708116613
29.878195641090443
29.486174678247593
29.461907722470876
29.549850623975214
29.476813364593895
29.51926719803291
29.406964734611865
29.245455380055322
29.388670385546966
29.453384518813564
29.72512194748336
29.718818480616537
29.828394674863944
29.6694724485927
29.57320808589088
29.388957649740487
29.416043532681147
29.429808359995505
29.234453839110767
29.157620520817254
29.272576272855773
29.413152834859787
29.64154781035019
29.624656430200123
29.45919302758539
29.295279773289877
29.15000514590723
29.541560389581615
29.408375759880236
29.23692254579952
29.448015811308
29.086042210431344
29.392504174479
29.441731643118768
29.6941514351942
29.61755083146224
29.396010140112818
