00554-08	-1.1572666714735078	-0.5466931973867304	0.21365725217992804
00708-17	-0.426235252771221	-0.25941857386408174	-0.6466318062475693
00657-18	-0.9960781002985186	-0.6219644064298109	-0.18755690300463357
00758-04	-0.2876660348479163	0.21984440797928073	-0.08600010157874749
00759-02	-0.001473796562777352	-0.30778144254145445	-0.3907990569962294
00810-16	0.9199364305802646	0.13645291207421906	0.39212527497852534
00504-18	-0.5897037946217552	-0.1859969456691033	-0.34509829173225626
00657-00	1.999610863331327	2.1108536879872872	-0.5379319391256558
00502-10	0.8757110151707366	-0.30342354217339107	-0.10098981521355199
00555-23	-1.4770987806837184	-0.7178433558993902	-0.30673346671073887
00708-20	-0.24931904874210886	-0.4357215149618696	-0.324463991676339
00759-04	0.15244302697124112	-0.046517347152303046	-0.4098805663566054
00452-04	1.3083403967702907	0.5510801014125946	0.3388781141138679
00453-10	1.9886750419386772	0.7696755244907081	-0.19940559160932025
00453-22	-0.9561308667155117	-0.43125321083209656	-0.3603486093486481
00503-11	0.8969919017370103	0.3958289594664848	-0.19857880684571683
00656-18	-2.017966573604099	-1.5019207456549566	0.35209149033153153
00759-05	0.3193184112842573	0.1627075137301972	-0.3216010593764622
00504-08	-0.46046972845942946	0.47496202542163246	-0.32645343421404505
00655-01	-0.4689972041010151	-0.3241892657399603	0.7004205897083011
00707-20	-0.3816847528923972	-0.37753432728072767	0.10138504511564861
00809-22	0.9550751760618823	0.7009523766663506	0.6740562806628532
00451-15	0.13020279493821363	-0.411544966124211	0.8709138750148213
00757-21	0.9649821500281632	0.5051607266070732	0.6525960073504393
00809-01	0.449488115314125	0.3645929744030809	0.05963370278891489
00808-19	1.4869944376243893	1.6146747364518887	0.14587988205039437
00706-24	-0.1039991634550006	-0.1426441611139353	-0.07669918601914105
00555-07	-1.5533966822761158	0.20039237564753876	-0.02596772188212526
00604-11	-0.6148869672867932	-0.034360913862201414	-0.23513510812813365
00555-15	-0.42470252255566265	0.19378015148868144	-0.23562574950665294
00810-09	-0.9492878537139404	-0.13821901128062564	-0.36743216621857755
00655-19	-1.142332337890366	-0.8146058899036461	0.21856606719279625
00707-10	-0.3461901084015153	0.005747026957010348	-0.14662193078061136
00758-14	0.6499502367266814	0.9767454344719226	0.13818114263312964
00604-20	-0.11180438094447709	-0.513151191396787	-0.07442772711237922
00553-16	-0.2504796174232524	-0.594780729620652	0.3510299181468781
00604-10	-1.182232031209196	-0.35615604929205347	-0.5506895844284827
00503-19	-0.16533298592912615	-0.3942062554323229	-0.03426842923886397
00453-24	0.07265450265776963	0.18207578155806914	-0.4310077086436195
00655-22	-0.9294598654730635	-0.6633256819130793	0.6946796277507019
00553-23	0.4249713688004704	-0.424850863846018	0.5567480825943676
00808-10	-0.41395090514402	0.7800821746393467	0.19421625705308543
00758-24	0.6746292794939563	0.2032645580686676	0.16962978872334133
00657-20	-2.176197366427459	-1.5212285151593505	-0.03231247080475441
00757-08	-0.4612220778240044	0.011837296504722872	0.09683694208160887
00604-15	-0.3590948804192067	-0.4582397840658814	-0.062313033414511665
00757-24	0.6514774394911456	-0.04939342671002578	0.7476315262094886
00758-07	-1.7012427201514129	-0.7264786896461146	-0.20879396582745358
00810-05	-0.5481314815726819	-0.47989089466750556	-0.44941949356825717
00757-09	-0.09623768805317923	0.16495555898234215	0.32415060168887067
00555-22	-1.2518457117735124	-0.524104112303803	-0.3087655929957691
00452-06	2.1186610695631316	0.7525927711320719	0.10148853160990257
00503-00	1.9899929874788995	1.660408252864272	-0.5252259260012124
00606-17	-0.5563622283282257	-0.27271595295167117	-0.31976517767270707
00504-07	-0.8775630209438532	0.3191908101454146	-0.42776315260812225
00451-21	-0.022394612945618064	-0.3800526034806353	0.6896853129005649
00708-22	0.15772684699049933	-0.08562358305584894	-0.7030464993242731
00503-14	-0.06397917085405425	-0.2711580917170977	0.10263552168112255
00604-16	-0.14404541254066316	-0.463483047032355	-0.020242789897793045
00706-10	-0.023408549410305568	0.4308326205027697	-0.16678038679174279
00656-14	-1.4609186559387126	-1.4064736521780787	0.7063206729567355
00451-10	0.9831796836299418	0.2761149436261121	0.8819297453781019
00808-01	0.15476408778613404	0.7613925991832957	0.211410025910709
00657-11	-0.007676425709860268	-0.2637913432085952	0.25676691302510335
00706-06	-0.6389983771130119	-0.24863042507695354	-0.21221500191359155
00655-13	-0.3067848755297291	-0.28017868737197205	0.49939135230511056
00759-22	0.6019318645676321	-0.5433968153502065	-0.004794072012145989
00555-11	-1.343094704002624	-0.29179750472576416	-0.007604376506833432
00706-17	-0.2972483931914667	-0.1550787443959507	-0.12964454049028973
00453-04	0.4216355166267931	0.8667907056512831	-0.12951958864186963
00554-15	-0.7232957788999101	-0.401814176308676	0.4897646971944596
00808-22	0.7550602374587925	1.1368545029012012	0.602428524288598
00758-18	0.8795835016653655	0.5954351761117778	0.18167241331616424
00706-01	-0.19611712018127037	-0.002935080074507823	-0.11276695619858401
00708-13	-0.020572102606820408	0.13139813883083207	-0.308450623271483
00810-06	-0.4906179388833607	-0.05139831161852726	-0.3523825297750136
00606-06	-1.9190636801338314	-0.5238137065809951	-0.806993645155444
00502-11	0.8598035477352823	-0.23235894890831332	0.29996707218015217
00554-24	0.40136513833704157	-0.10845234506882662	0.10699828835640801
00708-04	0.13506095754860326	0.2108321779273865	-0.7256439411391966
00554-11	-1.6327493114420122	-0.7955727695266432	0.45013134376154085
00758-12	0.18642629983969528	0.53281383595845	-0.003310730608745871
00502-19	-0.04859680513936837	-0.9054685573358938	-0.6731876934754837
00452-09	2.1146856387349544	0.8246075406456157	0.14564793189515512
00809-02	-0.14716404451041853	0.3305295194801374	0.029192882421966715
00452-24	0.5597227749794911	-0.2028775247529211	0.3293361639118757
00656-05	0.8929726308549562	0.9011795214241829	0.2798205298679477
00555-17	-0.025099064780306435	-0.08195270055125548	-0.019465945851152355
00808-11	-0.13499078941822518	0.9575472666327869	0.22711340520572776
00809-20	0.6757526050225806	0.4211019662727722	0.872847079305302
00655-23	-0.3426491499706117	-0.24934972303879022	0.6467784140179447
00706-19	-0.42883885431365343	-0.3987926253950036	-0.34212671730733746
00502-22	-0.03268542593764323	-0.8969614256352543	-0.03652026103713979
00757-11	-0.09089843907304385	0.6082207215480366	0.2885561418997895
00451-04	1.6025939357230072	0.6614749941093123	0.8152544688157377
00759-16	0.85243979084089	0.007022405741622606	0.22233082968909912
00503-09	0.17293633710210088	0.253144042953636	-0.06314494014395677
00554-14	-0.11937513377802134	-0.08707782928809138	0.360084548535724
00504-06	-0.3181572063440399	0.509858442476002	-0.5800022594246457
00707-14	-0.6067189001030329	-0.2634153430307151	0.23923864276048334
00606-11	-1.4194774065717866	-0.13192316261324777	-0.5687213131025146
00504-16	-1.1585073737278435	-0.3628866318688324	-0.36084931118216446
00809-23	0.5978823200534862	0.603249715004722	0.4039212870945903
00708-05	0.3766998413152578	0.4787843072983833	-0.5358093213865232
00657-10	1.1686405574962464	0.6545097674522822	-0.06253871624403473
00502-24	-0.023006533198440593	-0.8712284631526472	0.07469701118748162
00808-16	0.5334214549347962	1.163301492159917	0.3914102458488742
00759-21	0.8496313735404328	-0.23105807212391483	0.10637249668548066
00655-05	-0.3214457677547671	-0.0743937142779032	0.6901623550359091
00656-07	0.5180264258876832	0.2474331611871321	0.6926531549713673
00555-02	-0.7881747148621798	-0.05277438134021395	-0.559191134429966
00503-22	-0.21338140939474215	-0.5711981479424821	-0.24164406110094205
00453-19	-1.1126639695237373	-0.2642814372435396	-0.6289836158025537
00707-21	-0.41377902885506046	-0.5982984993927403	0.08141328922920366
00554-12	-0.39966124987586227	-0.33803762500235734	0.5100112409659232
00810-00	2.804295006615348	-0.4472930839755236	-0.336520451809065
00809-08	-1.2384240173764738	0.3423059887805948	-0.4186464647975754
00708-12	0.02380427285015685	0.10114034396326588	-0.30949730185011504
00605-16	-0.31551161333300115	-0.43807269521130365	-0.20266742665216952
00656-02	-0.13073410447873357	-0.001451484021458782	0.48943597994389165
00657-04	0.6947122827552903	0.5301576423809138	-0.28521911906227615
00655-08	0.34213664820345	0.15066776036530882	0.49009760647845724
00453-23	-0.6768472338596894	-0.1610541183481473	-0.5578538700440276
00657-05	1.3443359858731583	1.0539046558172913	-0.10618319154787059
00757-23	0.5122122200598369	-0.1179154984622528	0.8934839674971045
00503-16	-0.40364780921208876	-0.39506526091395244	0.05051289577568241
00808-05	-0.9253132879252917	0.5201901796006041	0.0032888281580198964
00606-23	0.4188961144973291	0.19050058668858583	-0.8281365482687306
00706-20	-0.7621187634315447	-0.4835144972449825	-0.0994039288912063
00758-09	-0.7260784287241222	-0.1668306770629897	0.004965882457099724
00605-20	-0.5181083861391471	-0.6358532158155867	0.07576480165380417
00451-18	-0.05475117537753249	-0.6883331098792951	0.6595327094241838
00504-19	-0.5454191681199063	-0.23619226130676907	-0.5155163566175816
00605-00	1.8973188207794465	-0.38082310813479125	-0.5490344195725356
00555-01	-0.9467878600553377	-0.39426684712293536	-0.3105781681267672
00655-16	-0.7235654195210373	-0.33527442296156096	0.27745721884616614
00656-17	-1.9076988131917005	-1.546117949226641	0.3840880190714415
00657-12	0.007493903480963127	0.10713310852725044	-0.017949871147493468
00605-23	0.2874192581900843	-0.1039459659180011	-0.33824513225749797
00810-07	-0.4210860965779375	0.19804614089241568	-0.874066779661689
00503-20	-0.2707616003970088	-0.43418476015017404	-0.06385087696753544
00451-16	0.6778672449136138	-0.6024154004018101	0.6835679928663012
00503-06	0.6588410956615007	0.18938447746461406	-0.21686803392208276
00555-08	-1.997431211131243	0.048765253871465575	-0.2761455317702257
00504-15	-1.2900904275900302	-0.1064191162872703	-0.15312717055644498
00757-07	-0.6387356022394215	0.2625964494316122	-0.19947325407247263
00502-13	0.97370409572477	-0.19623378363030497	0.001097367086686063
00553-01	0.024312118001262206	-0.40087610956516073	0.24540775091736577
00810-08	-1.0727056890123094	-0.17704222032955386	-0.5690246945175659
00605-19	-0.1551268213829644	-0.5758312112047861	-0.01634076802133677
00810-20	1.1627946015360067	-0.12740430937003566	0.38330950314229995
00502-08	0.7903079264517601	-0.04350387505485287	0.03128937798419429
00451-19	0.26435719448318196	-0.31035792727027456	0.41342385131747506
00606-18	0.28566416761759683	0.23295153917467815	-0.8797608175718779
00655-15	-0.7492635256103313	-0.6549050867920414	0.42469314685490644
00553-22	0.2675884622808553	-0.1401400455509929	0.36116372271294495
00503-18	-0.9052501829798985	-0.7672244653953157	0.09423727168564255
00757-18	0.19556289382126124	0.5821553507968247	0.6936128255024414
00451-00	2.715454659190982	1.8755241049298093	1.3733107712744186
00656-24	0.014750355175010554	0.016003807456854702	-0.01777534018060578
00708-15	-0.25790748954023	-0.033553630410892765	-0.4135568383696864
00808-24	0.8048673360383418	1.327106976884238	0.1441648864331455
00809-11	-0.9247571521459577	0.6771133332730415	0.0644206821411899
00503-01	0.6051059673345662	-0.015983692817371775	-0.30914695005594695
00504-14	-0.6473742575535653	0.085472395709985	0.03788981759316812
00606-00	1.3467932117609962	-0.16688764612376872	-0.9217363805519199
00555-20	0.05622145642769283	0.06435586261329718	-0.16327191987124934
00808-03	-0.164170476987465	0.904806415324515	-0.3153907181495015
00757-17	0.7845748108582029	0.6354264443032207	0.72869939591601
00808-06	-1.5235645784225653	0.022071430794426306	0.22135670818352082
00604-24	-0.7122000760778064	-0.44921669163261413	-0.24183125270815253
00708-16	-0.5432956985482633	-0.23377433961752558	-0.3800989818171274
00605-24	-0.30758648377695863	-0.3425395291054656	-0.3702149179116532
00707-01	0.24846303861158958	-0.12944120585166274	-0.21587001160173713
00452-23	0.17710927263897247	-0.36582807094350756	0.09944167947992355
00452-05	2.4640873724331414	1.089599592880063	0.34660959867210295
00504-04	-0.3731752309449803	0.2885725209514476	-0.7405938614322167
00502-02	0.6797210732129315	-0.5056165396002825	-0.07047400632200151
00757-15	0.039556904891924205	0.08485902171810267	0.21021064844694592
00502-14	0.3037441364510869	-0.5315094641002815	0.014621571542193124
00606-01	0.2087996486134216	0.10193274582411505	-1.012937792220555
00655-07	-0.18613332473069022	-0.033609226470616704	0.6989035670037538
00553-02	-0.20502514472423172	-0.41445976524857997	0.4856348105113284
00606-07	-1.7510746983750778	-0.24512662228573845	-0.9215550560445536
00656-20	-1.643431046588148	-1.17627860108621	0.33630455158413497
00759-24	0.604327353815961	-0.2942254129268349	-0.2316769014539659
00606-10	-1.7790956000324059	-0.44727218635148347	-0.5411303341065832
00656-23	-0.31245735593824975	-0.32433181912801956	-0.041245678032510114
00502-01	0.5401381330229924	-0.5838284725876974	-0.20023574932065458
00758-03	0.1965238624218273	0.35295348496936185	-0.2192841484541077
00606-13	-2.2631837497453944	-0.7645559479253734	-0.06879012060517198
00706-13	-0.2933286669390327	0.19525169710698265	-0.28015824400517886
00758-13	-0.033397966598158746	0.44035952060016825	0.11360633732351744
00656-15	-1.5234477527126273	-1.1453771901999517	0.6637311133406456
00808-15	-0.001816485825656855	0.88355831979095	0.13748535460445055
00553-24	-0.04915607995667415	-0.670874063185579	0.57180882475609
00504-21	-0.8100516017432255	-0.4764783316068133	-0.5856990245958968
00810-22	1.605775760231154	0.28969938362422454	0.2740372945297622
00656-13	-0.8275874235534957	-0.6651444940281408	0.5377895774277022
00453-06	1.5346374391119753	1.036493429631605	-0.19777022164385016
00553-10	-0.05857579874646035	-0.24427179825045187	0.6560583172897623
00706-08	-0.03628798916042797	0.3615838001408065	-0.19934082435202072
00452-10	1.9828581958176983	0.6073829103839898	0.14400470395548837
00656-04	0.3785524777028968	0.2972828689562448	0.5750170600342699
00757-03	-0.2721122229067987	0.17501905705353238	-0.08899981231547827
00503-05	1.1274857160435658	0.4700376283760761	-0.16692649500009793
00453-00	2.320441981906697	2.2604537237192517	-0.19529085524732182
00451-22	0.7337596421004946	-0.07282426285394195	0.5980344116455854
00451-03	1.0096216969213856	-0.04818070173939759	0.9030921408989343
00604-19	0.26443272607093604	-0.5798313873032157	-0.2173756314066395
00504-02	-0.1571378715748324	0.24490551468682042	-0.9449143030085452
00553-08	-0.7031230795191732	-0.4560908690763199	0.8063716259889588
00656-10	-2.2252411240956462	-1.7494341085514407	1.6051958766847747
00553-20	0.21602131362897126	-0.3833171410626619	0.6084403561580984
00706-02	0.25647802225216765	-0.07724139308891154	-0.1472592322907076
00808-04	-0.6740988811502575	0.47462375320162664	0.036648675295964495
00757-12	-0.07144795064823484	0.6897594163465328	0.08813746422379154
00605-14	-0.3134182996855088	-0.39345024483668567	-0.05196490188768621
00451-13	1.0598805743356934	-0.6810048275142435	1.0639595027957967
00810-13	0.2455510272718584	0.05091068218359851	0.5127963094719235
00656-19	-1.8589721281439324	-1.2756923296458353	0.3777404426064095
00706-04	-0.10472316554273675	-0.034992273889315584	-0.4299959124805355
00656-08	0.10130314518482919	-0.011606281248532468	0.7333710394368609
00502-06	0.5328665923266271	-0.14365278952686822	0.29901364971328803
00554-09	-1.2130254207324924	-0.48410071503076324	0.2956753686214597
00606-14	-0.7858689307636268	-0.26556153739920774	-0.29251822939500016
00554-00	2.5095149884105012	0.3743692102693785	-0.12969540895073806
00502-18	-0.3763296762729169	-1.142187092879908	-0.4090131741543246
00810-10	-0.4217725935973249	-0.08914067453031294	-0.18057171512441528
00706-07	-0.32677787077614084	-0.016894517258947417	-0.20928352587702648
00452-19	0.205962003673676	-0.46943605858484716	-0.1882116727608718
00452-03	1.1831519828615455	0.38475293679744027	0.0935288473883702
00708-02	-0.22412632416808265	-0.17480199260580775	-1.055738907062505
00708-11	0.04400391514241164	0.4036489343396852	-0.2790172239142521
00604-09	-1.154434598818625	-0.44506288029288044	-0.6182790229981947
00555-21	-0.44724797135927474	-0.28230716604116424	-0.2760356863996094
00503-12	0.3477985174845344	0.13307863459328928	0.03238830516897906
00759-17	0.7400573189199804	-0.10207924172914318	0.45633861428859746
00707-12	-0.7154751838306765	-0.034141001379339286	0.25748248529953344
00809-18	0.7354606794815481	0.8077431008414351	0.6301729546291881
00452-00	2.4782423100980395	1.7873251081026638	0.1295603893659063
00706-05	0.1427164280494253	0.12816531905377815	-0.49440265288217233
00452-18	-1.224389614082611	-1.0263604294087827	0.10618965621642928
00504-09	0.2822163890537013	1.0996879142342095	-0.5996983928553163
00604-00	1.0522563067772808	-0.6430622688868652	-0.014653473249381932
00453-20	-0.8635471904772203	-0.49728933319829594	-0.43415269398064993
00809-16	0.15352284378354852	0.7870517060825932	0.7352246625384851
00451-17	-0.1334943798240147	-0.9502043474212769	0.7327028210252138
00759-19	1.1797508219010524	-0.22680034027428064	0.08688742914523573
00758-06	-1.2291196100143225	-0.12020416239738552	-0.1436977198745808
00504-22	-0.3026485091675113	-0.015011425070383666	-0.4432458035214495
00452-07	1.7219462070029294	0.7848935103334043	0.05789503770870397
00452-20	-0.058426365390232604	-0.4660442729201577	0.33695417133594674
00808-17	0.6946689629291996	1.2238771952961542	0.3551446232829676
00502-04	-0.23112240887894586	-0.4570375216045477	0.2685946883930228
00708-06	0.4275921418677626	0.4813527444925967	-0.5555453383799431
00657-23	-0.9108851826536011	-0.6832228106861749	-0.5950402703779218
00554-13	-0.3657077042221317	-0.3921486450410612	0.4493314538970026
00758-23	0.688606273951109	0.005568095364196779	0.2513133424422449
00502-21	0.15368802911893908	-0.7832712808308315	-0.34468526177170133
00708-23	-0.17495320726879982	-0.41322532404331014	-0.8620362777883201
00810-03	0.2217427932710052	-0.012342508931169505	-0.4024237138387434
00503-24	0.5228516965216841	-0.16393470746618277	-0.2307366861277842
00708-19	0.20346492159728768	-0.3147317394196989	-0.9258322620030413
00451-02	1.7057374167852686	0.6765500529783139	0.9217967630643216
00605-07	-1.6616644443765836	-0.5426312217106215	-0.3062317204637566
00504-20	-0.29326894318683117	-0.06938999076453456	-0.7273467377417546
00606-08	-2.1823308929838277	-0.40135753910135463	-0.7895021801625717
00707-22	-0.16202134764785114	-0.345686128866987	-0.05418407797424152
00605-15	-0.23404931401796603	-0.4108421514845304	-0.3464910578650233
00657-14	-1.0375749167078538	-0.731086486371396	0.13802319247542982
00810-23	1.5190265152380107	0.32855263212286445	-0.01441435173978789
00604-04	-1.6631339807624954	-0.5653324065133347	-0.5384828567332534
00759-23	0.578095625780179	-0.511926450995702	-0.1674925043823805
00554-20	-0.17523055444075908	-0.5188029792576572	0.4860442450710707
00555-06	-1.803071686937983	0.03220468856568459	-0.18724917322106194
00708-01	0.38727927079116853	-0.11389583419258997	-0.8397757647908293
00808-08	-1.1281969466681403	0.5509326378551123	0.039025770383432246
00451-07	1.1128275879957528	1.466346122557411	1.0341771971231992
00758-02	0.2452816966838327	0.0877228081121757	-0.12205857028357059
00707-00	2.5605304455800706	1.4736810818695858	-0.4486971145206553
00502-15	-0.21408719205987836	-0.8543769991301815	0.14146392266775365
00504-01	-0.9556712511746355	-0.1371840612531514	-0.9180666963620752
00605-18	0.19192194449806266	-0.2578185024250388	-0.46379189551907984
00555-04	-1.5359194324155396	-0.04244847461438894	-0.28948440195222247
00604-01	-0.39599351176730124	-0.2975628263403678	-0.3206340813865154
00502-23	0.12259898725551466	-0.8465243253220933	-0.16158394637091078
00655-03	-0.4513581343594524	-0.22837018205393633	0.3594920818131868
00553-17	0.08421966771015832	-0.6862994874869628	0.2919839921919447
00606-24	0.18170655981225536	0.22771074247225442	-0.9050542999020763
00706-18	-0.6520935317666954	-0.5663681005280523	-0.08491026383626377
00451-12	0.8342669155122167	-0.07469236119766265	1.1439727023102932
00553-05	-0.9164378369898714	-0.4432867568018537	0.3309780236404549
00504-24	-0.7257404391452837	0.04176874902236705	-1.0541737389557966
00451-11	0.9018791044104546	0.35416716525776337	0.9027371665397368
00657-22	-0.7853598594181221	-0.4364403032342352	-0.30480645976376763
00604-02	-0.7643097026971191	-0.5724391126143473	-0.38129027641048197
00759-09	-0.5005673250814198	-0.141534052430643	-0.048276273511419276
00809-19	0.765430377005714	0.5331125183229233	0.536994948702386
00452-21	0.2800602939296368	-0.4986674048327586	0.12017524736620544
00809-15	-0.0575321637320485	0.7119087505838024	0.598935139041032
00810-19	1.520133739674975	-0.10896725809004693	0.18548056876647934
00757-10	-0.2837269997726253	0.13758311917274568	0.32920678936307013
00808-09	-0.6718962635275147	0.7612529441870493	0.053752911177525675
00605-21	0.22326833074544084	-0.2367165611821065	-0.14387971642395314
00604-08	-1.351884198405287	-0.6280645264364466	-0.4628611989123783
00707-07	0.6601049627295197	0.7552507523225813	-0.22780568624693842
00655-24	-0.050139518126798066	-0.1581049925323441	0.47245278446939665
00707-17	-0.48065075279851044	-0.7224394535996908	0.010403399738834196
00554-04	-0.3208584380954562	-0.05291482992618057	0.0467249763999007
00809-24	0.640209192167049	0.4296080549892167	0.4442352967687384
00655-00	0.0035113616017952154	0.46482474906304105	0.39954844007002066
00759-07	-0.31395949206307705	0.04038924812766709	-0.19512527815663816
00706-15	0.14620555943679392	0.2512302689971193	-0.22159132435399442
00707-08	-0.39525246855532714	-0.13861541839514757	-0.27886471115061795
00553-03	-0.4846805264971863	-0.46862094930293097	0.23604233185346857
00605-10	-1.3534430521140166	-0.5224663574574606	-0.24661741578961482
00809-09	-1.1616318229657736	0.5317338390191253	-0.20772683521454383
00555-14	-0.48759333133830296	0.09940696288185791	-0.1346472818879647
00655-06	-0.15069314661718636	0.20032268747581838	0.4952146254215677
00706-03	-0.19502300065482814	-0.23839517819726552	-0.5297263381046378
00707-16	-0.005252463415899911	-0.09280960295018303	-0.2212781141420237
00503-15	-0.2337445583623321	-0.30857507330028966	-0.16058254566814867
00657-21	-1.1504577537762088	-0.7855917206765071	-0.06006537208122609
00809-12	-0.6207718797220423	0.5520955801695209	0.12457511732009152
00706-00	1.2307408908391153	1.205563499083496	-0.12515026357323222
00604-18	-0.23749756537108624	-0.740104078395575	-0.15707143978988825
00606-16	0.1548973824017139	-0.2357273980892387	-0.4189753313773963
00758-00	1.8956809591031742	0.49362235498790596	-0.4394294263131542
00554-22	0.1698761502234447	-0.22988860386408305	0.19853530501859495
00657-16	-1.5530844331644857	-1.0767341579422691	0.15811640348556466
00503-04	0.8683192118066927	0.4852630222077323	-0.3410891089351935
00453-09	1.379274013446775	0.7603603809207016	0.1182005241735169
00605-04	-1.3617041176380553	-0.6223744574491548	-0.5408595893215988
00655-04	-0.23355104810912053	0.120471251922595	0.3322852960234286
00555-19	0.47727238279026096	0.1367765106886054	-0.2112412803735424
00758-21	0.6482390416736052	0.3936061126574941	0.13981967805693785
00809-10	-1.0022649942118278	0.7664558109066775	-0.024614648965325614
00604-17	-0.4114434323059868	-0.6625384213389225	-0.3469823040945812
00605-06	-1.7675368197933494	-0.7648290681207754	-0.15729441745065742
00707-09	-0.06281537388531433	-0.09141718243051855	-0.22317469093422915
00452-12	1.347756644662013	0.532549557749121	0.3872694328117632
00656-00	1.6873821251483605	1.7429484391515189	-0.424683511644389
00451-24	1.3214708443335894	0.6170514713644479	0.6174996360016394
00453-14	0.1318419314466155	0.17175418307897417	0.3145767812568465
00451-08	1.5527375835624753	0.8946604254008435	1.026379499439372
00656-03	0.11877502982747501	0.4616883337391755	0.3132426107013089
00759-13	0.47262329302657236	-0.18684561986640347	0.08923260417736856
00706-22	-0.5649602990063158	-0.39690472516599584	0.1133473797217448
00758-11	-0.3826413138576754	0.42975642007218084	-0.24316145979514658
00604-05	-2.078684707965067	-0.7107060218420429	-0.42310358474492205
00809-13	-0.19448376459740757	0.6578080255395662	0.5857275015878258
00553-12	-0.14517714137309667	-0.3677819302079115	0.5812446758970964
00707-03	-0.14142737715928888	-0.07730389509890756	-0.5039672279258411
00757-01	0.6121340676402269	0.012635959744216052	0.37976769081319617
00808-23	0.6486026986151501	1.39141913851563	0.21912134110493753
00757-16	0.07187770943914984	0.4108326373205955	0.25227741180947305
00655-02	-0.354348416572293	-0.06748710610031594	0.5509751097849858
00809-04	-0.3682762949649714	0.6138812115335668	-0.21564979665822648
00657-24	-0.7819881800294297	-0.5935189840957946	-0.3534413367478919
00758-16	1.0216032487965094	0.8703281177606641	0.23202542857188746
00809-05	-0.3011784465813889	0.6899042702033285	0.37407990455062645
00657-19	-0.7963636850083731	-0.5283991022077998	-0.39444196793078845
00554-02	-0.6566730916936194	-0.5078603133093793	0.23676635396464007
00810-18	1.5407276098812872	0.4288294162601005	0.3306160854319842
00706-12	-0.2887585304076765	0.1287304340535229	-0.083594864108818
00758-10	-0.5006448070810166	0.11344881168122356	-0.10325471827150068
00504-00	2.5532251471061045	1.941432836495892	-1.1274597461215308
00759-00	2.1806899448013155	-0.20370526254646393	-0.21680340036277812
00502-20	0.08147345614929691	-0.9035340091749049	-0.10778981430826207
00604-12	-0.23118904270745588	-0.21751686474783583	-0.10549055082424275
00553-13	-0.028747934158900534	-0.4267560697303452	0.39454614182864134
00504-03	-0.1489271597001789	0.49182578247268793	-0.8517299435761743
00656-01	0.08425114635315367	0.01959844489920215	0.15181035289629108
00758-15	0.8255573079513852	0.8873950940551367	0.28829354439949384
00554-01	-0.08717027822581258	-0.3555068166493811	0.17498473719547292
00655-12	-0.19323619834472083	-0.24616062621055335	0.5752820747800342
00553-07	0.07053580904789669	0.01746520394090112	0.2952020542115861
00453-05	0.5470760661148688	0.9694157980804903	-0.16276804913832166
00453-11	1.3973476781038698	0.6597434919841589	-0.0448828036762734
00810-14	-0.1952666859783676	-0.5328241715020567	0.6742550029325685
00657-08	1.1249689702503929	0.8636807879812523	0.001541025071446711
00452-01	0.7427899497695307	0.06637209938503474	0.28294300966990704
00656-09	-0.5177655513989521	-0.5951639795072197	1.0240987804265842
00555-24	-0.8835553043397795	-0.3033388086979585	-0.5439040990725061
00757-04	-0.19750205803052268	0.16141367871853163	-0.19512337518108325
00707-23	0.01655776672396314	-0.08883726167653094	-0.23024256475036964
00708-14	-0.10693590164305533	0.2663725324397319	-0.39605441992739543
00606-15	-0.7342045550899456	-0.12265298645377243	-0.479716309389687
00451-20	0.14278278014194257	-0.5571243242366108	0.40795164821929575
00604-06	-2.2848576804947243	-1.1802663731149323	0.19925615527381524
00606-02	-0.8362087644504754	-0.2895393039161718	-1.2908548773309576
00808-18	1.3937044680553754	1.8261334195777863	0.3030187258023034
00453-03	0.3432120643096823	0.6265049183033398	-0.4370130516588233
00451-09	1.3283405141576168	0.7175829070806685	1.0139638524894963
00555-12	-0.7622162273435151	0.029445879256741136	-0.014099669610914134
00655-18	-0.7153696454709007	-0.31398844155455663	0.2933232788088844
00708-09	-0.3675467793805183	0.30415567928901055	-0.5796273083678898
00757-20	1.0514410809828405	0.7062356304173818	0.554457755956264
00553-00	2.5748740229928444	0.13232346723009414	0.3415895184225519
00657-06	0.696969816567389	0.6430367392669041	-0.026764634976416346
00759-10	-0.31372041908207393	-0.13764097374757966	0.02225130749275195
00605-12	-0.7462288389776859	-0.45445335789077035	-0.35582442578265727
00503-07	1.4555719194117955	0.7931288836891781	-0.6249220115207663
00554-16	-0.6559662884278623	-0.522218769964752	0.4369646713532802
00604-14	-0.22751588306391568	-0.17101980703785102	-0.05823768435038801
00757-22	1.257286203000831	0.5673606320682438	0.7921581603795858
00553-18	-0.3470497544842601	-0.6704280535428779	0.18836040287646938
00503-13	0.3313991686939062	0.08145072802517461	0.1590871757102832
00504-12	-0.480533856996999	0.19534245167733388	-0.17270503130362158
00657-15	-1.2572103325167063	-0.6598052906660996	-0.09079984713730482
00452-02	1.2169608166559556	0.4342784079036619	0.2858978552444569
00553-15	-0.3251258592465547	-0.515283698740177	0.41398089795779924
00553-06	-0.3933041852160386	-0.15435322045470912	0.4044299021184088
00706-14	-0.35701343466894286	-0.1515291642219836	-0.19172990551305702
00706-16	-0.12307236241736064	0.24613556923304714	-0.021131361242623825
00451-23	1.181156598018788	0.32125277320358236	0.6145854826254435
00810-02	0.9060186301398971	0.22428417948617607	-0.2592291252879022
00555-18	-0.06426772956183413	-0.0265972364471736	-0.3316735868174874
00452-22	-0.8955164748740572	-0.8735057538840465	0.3195666202743723
00606-09	-1.6903122280034495	-0.23439866921239627	-0.6145530404489818
00452-14	1.03088275119444	0.29172840855972026	0.4473825962661522
00707-11	-0.6788370624844902	-0.04168199874231959	0.03188743778105163
00451-14	0.6104693313418466	-0.28570974755564293	0.9471750215307111
00656-06	0.7904210348142442	0.6020447480146913	0.5396493383900633
00808-02	-0.18680580967361493	0.8652983349937813	-0.10065675370378813
00706-09	0.5546325623329267	0.5975884786051893	-0.3959199249784433
00503-17	-0.5797212112415764	-0.4569627143226853	-0.05133769157532697
00606-19	0.5819899585753774	0.26641114603762617	-0.6838551588641621
00655-17	-0.7509541869060286	-0.43217383718433666	0.4846968475064841
00707-15	-0.6900627900517975	-0.48956578353943314	-0.13125217371225517
00553-04	-0.24058630048239138	-0.22248530604360894	0.28954640404731435
00453-16	-0.06163514532386216	-0.13612054791110495	-0.05355048488218017
00657-01	-0.041225838098398526	-0.015498030117100825	-0.2838558084474698
00604-23	-0.46140764571396176	-0.5450441890890261	-0.21311020739335618
00708-07	0.022490956004048712	0.3620396581784462	-0.7622697098809113
00759-11	-0.4222710600654409	-0.14148961214687006	-0.07028580447126842
00808-12	0.03782077773735182	0.9269495764929161	0.3669240566407552
00759-08	-0.6484571917562789	-0.12690492461888425	-0.3275048331920516
00657-02	0.41825005406053606	0.37348524168351105	-0.4915148085854071
00554-03	-0.037984914053595276	0.13076793000129783	-0.06924864949451148
00809-17	1.151481874390356	1.0999815940436974	0.31854400164161234
00606-21	0.2012755117254983	-0.016587385265211196	-0.5529089668584675
00553-14	0.17748759878645615	-0.29901224098750845	0.5543996658527703
00604-03	-1.309945361785367	-0.4249425162938678	-0.6226591057659334
00656-16	-1.6657502954813026	-1.3396994960107804	0.2555152574668682
00809-14	-0.24410084770761387	0.7965337759801514	0.6887624958621927
00759-20	1.0650349393242777	-0.05298323869158139	-0.10451064174139901
00810-01	1.180034345261447	0.0012269123599253362	-0.1333775957098169
00502-05	1.4187936107539372	-0.14797402931662873	-0.23099560394393848
00555-13	-0.9823887317540994	-0.14357413642744632	0.2204564220269276
00555-05	-1.1601591425549032	0.10768791634939134	-0.04855348526029957
00606-12	-1.9260686839334085	-0.32939350025458225	-0.3034302586297599
00502-16	-0.06264955123174332	-0.881837293783633	-0.036758164274715455
00808-00	2.20154214648619	0.924846254955014	0.20376007262098028
00453-12	1.0322007064655736	0.4935744211123847	0.14403712370335597
00504-13	-0.8849802202730643	0.12221932553450188	-0.05594522874321228
00757-02	0.08711476500729987	-0.18150858648141366	0.37710707026690216
00504-23	-0.19446295995089713	-0.03863268249904195	-0.8722044407445537
00810-04	-0.1819547101911212	-0.24168712389439406	-0.38031371509146084
00452-17	-0.9950261140770635	-0.9841511953187592	0.30682375672222406
00708-00	0.9459084164886917	1.0809594533919835	-0.9543852364649865
00706-23	-0.1086892319024173	-0.32122710966768864	-0.21938852561629574
00808-21	0.9592114195888826	1.2133567504127996	0.7356365948348866
00504-17	-1.6501423410534244	-0.554557711521511	-0.579454213121835
00810-15	-0.579066091743698	-0.5872156541361164	0.3998613384544569
00655-10	-0.02794595969476177	-0.33601754490223357	0.7758258540566203
00708-03	-0.05563467652586951	0.06706106991316574	-0.9017185415525546
00707-24	0.23677659291138298	-0.09323744247785726	-0.019360451744432794
00604-07	-1.2343140144744211	-0.5511194714199519	-0.6268163739650845
00555-16	-0.05906110589376112	0.15203606616387333	0.04818168281894941
00810-17	1.085927573314848	0.060866138364758626	0.5698123600491272
00757-14	0.4977752385250369	0.3454136427849335	0.3639496037128538
00605-13	-0.47475499509005203	-0.44353195827352465	-0.11206895150007767
00554-10	-1.4149458124968533	-0.7504841177054686	0.1559498468855054
00757-05	-0.14230677723321605	0.0073851349860660775	0.026713085255778424
00809-21	0.6694863772017925	0.33952169479391614	0.7035444003772682
00452-13	1.2610866805009664	0.5597465339924383	0.29789811731234295
00502-03	0.4958998213371615	-0.3081856445738822	-0.070285373954448
00453-07	0.9931924662439542	1.286876333522173	-0.17924850192980557
00503-10	0.25118326514689215	0.19044337099057884	-0.0625766957534779
00604-21	-0.11579751022281926	-0.5410575998267859	-0.18355630854375704
00809-03	-0.5335459652990266	0.4977343482944434	0.06966982785070286
00656-22	-0.9361722269868551	-0.8842566684738813	0.3501553708092615
00655-09	0.1552542177266787	-0.20149387895378368	0.5748087568363189
00708-21	-0.020702239437696335	-0.33626212378237597	-0.431811826069179
00655-21	-1.0564711791437276	-0.4348894186033476	0.29913877520448295
00708-08	0.12024676234295839	0.3601894812951514	-0.7510332251515592
00553-09	-0.07783865307078486	-0.3762867815264599	0.4221811813520162
00758-08	-1.1174762748921694	-0.20711147739405078	-0.20824484056606707
00503-21	0.19487031198491422	-0.5404099915841698	-0.03260938383459688
00656-11	-0.9662808839616446	-0.805947480475993	0.9143118910715202
00759-12	-0.07480382894414106	-0.09814801847903709	0.08021751155433776
00553-11	0.38314966225993885	-0.07438863228537684	0.7353787029901468
00453-08	1.4857621952398858	0.9994421809257119	0.08305744833523931
00554-07	-0.489145948565465	0.10372382617629228	0.20959468260525682
00554-19	-0.363390699043066	-0.618855929491815	0.36483539277082855
00605-11	-1.5811985534712676	-0.7046775901220599	-0.2179293201870678
00657-07	0.945644925455781	1.0140507964014205	-0.1751912035672376
00503-23	0.10523758156023177	-0.5793949047751994	-0.38046858508346304
00757-06	-0.43964073541405924	0.09514325999145967	-0.1631078989883008
00707-06	0.3308824424816521	0.5647915536244454	-0.2319988581225516
00708-18	0.028045477651403417	-0.044188558378209564	-0.6959886225959053
00451-06	1.4886762375106173	1.0552817217273969	1.1105424277170641
00757-00	2.369256794865123	0.6011478882857091	-0.02460590052578482
00605-22	0.19177240926364902	-0.2924524268521509	-0.19043802611827232
00504-10	-0.07741887098995903	0.7043727492804237	-0.3439293901417386
00503-02	1.1107260275020963	0.18865368771605517	-0.44728948828128523
00809-06	-1.1352212281158245	0.45503335173623327	-0.22778998938747463
00453-13	0.4314812522761713	0.25842448095761483	0.18840665897528197
00554-21	-0.29666183388599165	-0.45923970084709254	0.5258091309710835
00554-05	-0.2496470189316824	-0.15043681634972472	0.018731248982021498
00809-00	2.1560530670399203	-0.18069826605312755	0.8773785167716142
00708-24	0.01746021122039565	-0.18656505044714322	-0.7681773990054808
00759-18	1.3218837737779268	0.18656864282763763	-0.009696873511757076
00503-08	0.8090756217377475	0.4681961864805544	-0.23184284200306138
00554-17	-0.2610051096442021	-0.3554114363003009	0.5610239809959694
00555-09	-1.6553853587035974	-0.039347206572870164	0.025548514792262722
00606-03	-1.3818880200135482	-0.32889359508931193	-1.043759413280668
00451-01	1.7661594924181827	0.47752449421705023	0.6404367019608799
00453-17	-0.3220176792094662	-0.3403456486144023	-0.5233098554595017
00707-13	-0.917748775940936	-0.2509839364926165	0.30844700826560256
00657-17	-1.8998510231187993	-1.5861329523578434	0.13167738083143377
00656-12	-0.7536322496937373	-0.7932266017677421	0.80303554246575
00810-21	1.3145465901975513	-0.323716292483482	0.6040065915694868
00810-24	1.438775245873103	0.3325088097343496	-0.34488474047020645
00605-03	-1.3675831865064083	-0.6259141916774524	-0.6647196854448794
00502-07	0.917949538491257	0.1257039124026278	0.002293134618412296
00554-23	-0.10314373946152955	-0.36759046728309386	0.3070564925933468
00604-13	-0.11193845339971631	-0.18919589858273866	-0.13152519085224412
00452-15	0.45312710234793485	-0.04678632014395134	0.3200598529376748
00707-19	-0.07606640939047793	-0.04681322146245748	-0.004848445727247963
00808-07	-1.3009824779956034	0.16924147755196373	0.13016202951939704
00758-19	0.9295600506043229	0.5830545786083121	0.3077885550460451
00451-05	2.047667336425093	0.9325199054516133	0.9194121887301208
00453-02	1.119301135828664	0.6733251310122341	-0.4587333838444465
00655-11	-0.11291563002214389	-0.1731427012147151	0.7017355471484734
00605-05	-1.8404060035325074	-0.8416425718801293	-0.14686461139672247
00808-20	1.1791336717553804	1.4397960204461242	0.3325958399584579
00504-11	-0.26175965572633686	0.5486863040432581	-0.30137566132361826
00554-06	-0.4898229307641486	-0.25895903749733407	0.22537766397044834
00555-00	2.805806299211554	1.1167454695762444	-0.5366956063930957
00655-20	-0.9337720252194686	-0.552370270634924	0.7084320092824328
00605-09	-1.634038611334745	-0.6994340451778953	-0.24520970299295186
00707-02	0.061283287643391304	-0.2495708083718	-0.42378893292675457
00452-11	1.1891467041764372	0.5123968052075725	0.43447935713970764
00502-17	0.15959426648214503	-0.9624919603501212	-0.13624937872191367
00553-21	0.2954810511096184	-0.4145634704916574	0.4234217277228254
00453-15	-0.2682918597988646	-0.1359344832504803	0.173320381774829
00707-04	0.2594385060397144	0.14959947155489317	-0.6124458325389242
00759-15	0.7790113493974786	0.2404538226776367	0.1283583949716558
00606-04	-1.1355464966891304	-0.09530726291040992	-0.9525341010867123
00656-21	-0.8177918399117061	-0.6345464062824249	0.14712922527019145
00758-05	-0.4229093015383114	0.19934864103311156	-0.19509752464750818
00809-07	-1.265848728099627	0.7233115909141361	-0.2993822732830722
00606-05	-0.9846100525114707	-0.1638004573676426	-1.0783308569091332
00706-11	0.08883862224183758	0.27458019759626495	-0.20061434605759132
00555-03	-0.9567763909201403	0.2004366926740886	-0.42443389341406146
00502-00	1.8622297715746754	0.8661213014727309	0.1930073019370866
00759-01	0.8952730531987072	0.0304324682205106	-0.18921798634187326
00707-05	1.0163924139010305	0.531664181525457	-0.6695892059874495
00758-17	1.1544657174977146	0.9538550054637653	0.3247273433939881
00655-14	-0.49397206149978956	-0.012044818323261097	0.4799253830788075
00605-08	-1.5693585403669204	-0.5444411290849303	-0.39899021975861615
00706-21	-0.7965115773297384	-0.6332755219347064	-0.10192372583128417
00503-03	0.7175075717761956	0.1016943582390013	-0.3812210641981437
00554-18	0.1435014015419256	-0.36446258516309626	0.31735283937086933
00605-01	-0.635848838164975	-0.6344824448633517	-0.4622857637052675
00810-11	-0.2320542703873798	0.20533357099805016	-0.10235193611470095
00758-01	0.8979905479213812	0.4270028889408195	0.04193675690157761
00810-12	-0.1323050639032317	-0.046130832610515426	0.2859720586218373
00606-20	0.6125134764026825	0.3187845867194028	-0.59960227042734
00757-19	1.0409057231333918	0.36752105087452946	0.5636931331439428
00808-14	0.23760698011847126	1.4871318527746098	0.4213681323667515
00759-14	0.7421158108932104	0.03634091294827613	0.18606789055934314
00453-01	0.6879614886750005	0.4773360038194596	-0.493472156870439
00453-21	-0.7552313341195713	-0.3614853006343992	-0.35702135193901086
00605-02	-0.9515868765943196	-0.87064763058072	-0.6939064489138218
00605-17	-0.3207847979431335	-0.7843996431777214	-0.10307465187679554
00502-12	1.32614803583283	-0.10342218195614805	0.17522988316068222
00708-10	-0.10303113764894078	0.3236185789711499	-0.4175592202534517
00657-09	0.8276941809942855	0.6681850788063457	-0.08877596428237666
00657-13	-0.6914945535525021	-0.3913180865024515	-0.009000356335036486
00606-22	0.1509837899145623	-0.0554894618300068	-0.5950474870178368
00758-20	0.8978654258032748	0.5679176682757543	0.49929141899565366
00657-03	0.7768693574491863	0.3517536164388275	-0.44403813682265536
00758-22	0.9106931489343424	0.41925761894401603	0.08863695550053308
00452-08	2.0726378956096596	0.82808936249819	0.22093025804656463
00502-09	0.62521769159207	-0.18952499086685748	0.2502382704651609
00808-13	-0.26548498516763175	1.199411676220734	0.03760295722736373
00759-03	-0.005201952200877713	-0.20416669415465094	-0.5064212371676149
00555-10	-1.2561330078822266	-0.25619976189545923	-0.04673101000821589
00453-18	-0.40138344497881917	-0.22921368011793675	-0.6630890462020034
00707-18	-0.6492346515094596	-0.5688450707950778	-0.04524807023722133
00504-05	0.5179231180698025	0.7902980854184989	-0.5638916294315095
00553-19	-0.30273096782980247	-0.5699981884515637	0.43987134184567367
00452-16	0.3349308635708894	-0.37240645870599565	0.0806669454761959
00757-13	0.00806391966375486	0.5848268862997656	0.37372506259885085
00759-06	-0.20172460230332945	-0.016864797770608675	-0.16430623910628128
