7.540808863014642
8.25668696593373
7.5072663720511335
7.647388149916975
7.506467561730413
7.8084969204158945
7.7310035054181085
7.76043202590279
7.720819008410057
7.846980732137154
7.33689679426673
7.150426411219368
8.288341588179522
7.803002931909574
7.393308393726151
7.8315030790469615
7.801539710228131
7.585390605055739
7.803932965353515
7.961562594195497
7.7251319077387475
7.632891879117553
7.569319997524631
8.06707712631388
7.61107608311156
7.887720490993766
7.541211650459994
7.800350341069421
8.096329023888451
7.811754475528159
7.615957545528995
7.842568051266519
7.685897047327926
7.78563813576567
7.768435679538554
7.845592850744729
7.631379429690349
7.64012555558665
7.423977591498242
8.011897682752053
7.611992600371164
7.650437228578718
8.293462903463263
7.642860616319363
8.013725769687493
7.63824950214581
7.855982320316055
7.585731286900318
7.746925503664039
7.612412147873151
7.43531657246507
7.773714567175354
7.97280105574977
7.7295636213386
7.482325775015698
7.677787444814274
7.942929475194835
7.782526965410511
7.685514846872597
7.776858698623595
7.819897109752867
7.5943796963355314
7.590786529440914
7.35104048722644
7.7024638839121184
7.8716082591285375
8.018215009982002
7.817465443864164
7.779372584698074
7.538349130684117
7.801776531002591
7.726141453228168
7.743910711522998
7.548430701209644
7.50862524478264
8.531288499414572
7.211114738271008
8.073641332363007
7.739046889846285
7.551235062181384
7.948370061978016
7.600968684690317
7.795296827868289
7.855267999473058
7.752587975962954
7.751569053449511
7.608065167100653
7.607303792369746
7.561169403344335
7.541792455093443
8.346870176755544
7.528712733264942
8.050863291971936
7.713810782924513
7.846190699942313
7.714328753392373
7.813543005535144
7.705409970954247
7.522821092363877
7.713885343423512
7.878061416988023
8.211838394546808
7.416382825543011
7.666585596451475
7.726352672318517
7.855402009796094
7.6786282330672115
7.722226223702907
7.607578971320556
7.7103104461611975
7.897979266730936
7.705531255799858
7.863220680442249
7.706527268985349
7.750638636274161
7.924970367440815
7.549660588513823
7.801675758738131
7.644363162299162
7.664140802203687
7.7724645465445725
7.535028811786081
7.802796883659446
7.622500524882845
7.8261195354721895
7.6475097302340265
7.690678732974453
8.203264772533515
7.448813528945702
7.695854858342094
7.508437892681692
7.85566926620479
7.674599302760942
7.791242783422068
7.425357662034267
7.627080929285501
8.05721918202361
7.602321601217877
7.567076204461426
8.008026228904003
7.776411474463222
7.577233105717312
7.474708616305579
7.884123576530731
7.674208083628784
7.824577381590283
7.65407461182509
7.734394797392067
7.714961017090248
7.9072358131282305
7.312866388177109
8.09355071972566
7.6662980605313065
7.726263655872837
7.8141978277390445
7.70635362541312
7.837955719006727
7.752445706982893
7.659428347927261
7.604742644901185
7.768961640963659
8.038854700437609
7.970778550327352
7.633010921026084
7.572847182046031
8.155716495349143
7.832752953234028
7.529720240319063
7.7018038530384825
7.645667633524183
7.758745542217572
7.873851707783777
7.593996570562309
7.760245791782595
7.789127050448331
7.734904758465741
7.800480292684633
7.645475391625392
7.790596259528802
7.7248872208697374
7.953126739800744
7.821090832997478
7.63835112189961
7.884833718010673
7.497331909183889
7.843570631958517
7.900512858464217
7.777650619915412
7.527888771471915
7.863428278184376
7.696498854429699
7.83433681364328
7.576936692343479
7.450902680018749
7.712573939772249
7.610188224665888
7.861542436823521
7.6184945402795385
8.04648138606724
7.422256028787293
7.6293995226316165
7.758444554514864
7.862549548666908
7.68888313763334
7.78116753937283
7.798192414201131
7.817666891861807
7.588707597305391
7.518556556833535
7.909892189869687
7.824945715552322
7.742745361645357
7.733923569070074
7.853637099325171
7.596986020983234
7.870423952501701
7.882646757471084
7.546770516818535
7.7130882288945335
7.667419594429898
7.360963560084342
8.674352286879875
7.615894723200988
7.95638731769198
7.782602148641402
7.649036926056609
7.425485022392264
7.756448819907408
7.85675198008801
7.598221731610765
7.728477886721298
7.4924690012714406
7.90236000196241
7.727159091053001
7.901242251026437
7.687709019702891
7.588582778685195
7.781705262096756
7.893172753503104
7.400874787345003
7.7041375329190815
7.479134531407058
7.775750164473619
7.911361735700704
7.866383417924855
7.5962885785515315
7.808268858349144
7.717778786782751
7.747084105243215
7.645253169392227
7.762793691559312
7.624172168842866
7.877410783863161
7.678543769762812
7.580189700596075
8.220481941367254
7.865450256478528
7.612281268075503
7.764715240729302
7.591010541464921
7.747224802198038
7.894464297349045
7.788845155644605
7.512313978438208
7.651333169559711
7.958024415322759
7.559590163145875
7.877104342745131
7.668994266069559
7.6089115358830535
7.631305494737568
7.907502796759445
7.745415768349604
7.529343832681735
7.702883847949583
7.808557126935977
7.468681001911548
8.05821241577244
7.363514377984415
7.966282765769588
7.858820635194632
7.885223986265215
7.753904831113854
7.565922590662109
7.624444787292107
7.889980693958558
7.63604812096553
7.9424585519591755
7.646756383908233
7.582166329778984
7.907064097056719
7.606261155803843
7.994116071136942
7.626779233286399
7.605987887622711
7.9703476651325476
7.806235040772068
7.815265835381119
8.099531703980155
7.372238530170022
7.908887515875158
7.902599994729968
7.637631826317539
7.702727132879601
8.256224832830688
7.33936243243864
8.252344238434656
7.72038400256361
7.777268245129722
7.769235998061261
7.660086144705962
7.601080567263192
7.843931634738921
7.888064004840009
7.629949034654682
7.6645468021563
7.751168274840414
7.475575373856779
7.49424714221525
8.527132518515316
7.741015259876847
7.964317489865518
7.519386974996179
8.003717697564072
7.458148808497389
7.849664737359522
7.7859529296106125
7.825452418487938
7.74414880949966
7.639269951550688
8.041899597324944
7.438464559148381
7.672537755551612
7.833609690171734
7.714427599654316
7.9453871335540605
7.527276389645433
7.593600582816733
7.762266119306782
7.91286839066278
7.57858956606715
7.860440264991627
7.657635005256106
7.543578811195771
8.181171169566538
7.727146522773148
7.685114249621666
7.853859602903968
7.775308871607191
7.611352038759194
7.759370427137717
7.575565102859491
8.338965824313217
7.799101277075385
7.522351011159188
7.736287590732113
7.861626539275665
7.697726517831298
8.086834813078195
7.860757613983982
7.619911961806899
7.829276165535744
7.536775005382185
7.781408091964815
7.806708963761241
7.947778613492852
7.719419682382426
7.649156317590919
7.811366716623129
7.866065258471825
7.5341427019396106
7.871615507425696
8.012351285056088
7.548911649524225
7.7754901136984875
7.533330674466517
8.01475863698688
7.820647051492177
7.9090132611466055
7.733682019462836
7.698015348453066
7.6088778772922945
7.818111796669583
7.579285333320946
7.870017354026054
7.909762573072017
7.253133279490405
7.785494584863359
7.923311641411997
7.684327556436168
7.864262151762961
7.784508850684483
7.719654412375977
7.698084593565688
7.60462599509651
7.506515666510566
7.753118728723135
7.828510128233812
7.815101369853271
7.87706916531259
7.913548789743399
7.82987339540336
7.627504532671259
7.576914406115883
7.972506268438917
7.792979420583792
7.569645663661369
7.6152942932473255
7.657680013863565
7.573378567465038
7.806985063334947
7.981823469221239
7.762007920469171
7.716483023266098
7.581193948539149
7.691446728570056
7.564631312233808
7.827710223678138
7.927480363793019
7.613383889374199
7.789011623476885
7.518763896882406
7.730408835831035
7.515003025955123
8.373177525606955
7.697247462778609
7.495562039933102
7.78381286897945
7.734354455854218
7.9067273058353305
7.671342720282668
7.526014799470057
7.886075373954099
7.704584153996447
7.8717341133170455
7.787259585129761
7.450249819514173
7.5508907956121085
7.8268015099943655
8.042707498475783
7.910779966149582
7.616456955228907
7.317050108373767
7.773694253886197
8.009774439622584
8.075922066573318
7.876662662851833
7.6143799175911875
7.7414364131736
7.918265847733772
7.96187541949031
8.029237129035211
7.744863669281006
7.666765210792856
7.759281246239161
7.590533669271028
7.588598590590759
7.832527688780586
7.711191441008583
7.912786001397188
7.832171053356015
7.520904527239059
7.93881419489232
8.026391608865675
7.495943436329097
7.812831909635583
7.898189141941511
7.681592936566571
7.649359273528664
7.85228897991698
7.603614183962907
7.899703990318698
7.968713605877216
7.457551168814782
7.8187093909285235
8.064871776191106
7.589464563898312
7.707634978214965
7.653553386701304
7.743437523913574
7.688902914670013
7.663705433525766
7.599968847280088
7.796646730154071
7.925330813333353
7.486314699413035
7.664143313113634
7.881450390434457
7.58434926985507
7.415849951042365
7.836694042423309
7.897557506067261
7.6534786972866
7.950763798423268
7.346615115645968
7.852979084443196
7.564594811833697
7.99034823396681
7.777089911660443
7.649778125328884
7.60202463251759
7.688246932197047
7.548980603271721
7.84705759129071
7.639274866343072
7.697446971993722
7.6386096915390675
7.875785572776539
7.9075803913936005
7.744605319684069
7.5882701907408014
7.750489726584572
7.61067798695547
8.222573794969431
7.798724738623316
7.370577272754371
7.891213715330711
7.724638225593198
7.815627763339667
7.5969543379929405
7.967404003826437
8.179068984665609
7.6414242460075315
7.334549438446584
7.884990910752731
7.9109135898489304
7.4808008079982065
7.433088879537441
7.961125044424352
7.3066484072006865
8.276527623511686
7.817938097202573
7.865058514552128
7.6300563972532
7.699768103823549
7.631689195090502
7.500167397987804
7.57949124676724
7.933590628834109
7.5812173034120685
7.816661289640556
7.314039812381248
8.086925994759126
7.660211181662681
8.118489296434337
7.647979290450016
7.693063583563393
7.520564714767682
7.947960585233103
7.681885840133869
7.459768540805812
7.6744560249000076
7.739044881846371
7.833160581844924
7.57992079868902
8.281163958161663
7.525370914801254
7.5785205484160185
7.481421139859817
7.840609124670466
7.393385644094963
7.619238858636053
7.622823232045301
7.8558845304645315
7.719429012778372
7.8277865654216505
7.593702673649724
7.598065966803272
7.958749015184213
8.079466468018962
7.3437068941083625
7.540681710473713
7.612059044952857
7.935030626590571
