	0	1	2
00451-01	1592.81	556.685	1216.044414941039
00451-02	1591.7624040864737	559.176968305919	1215.6885301320287
00451-03	1590.7862001032202	561.499113089962	1214.6451286666054
00451-04	1589.9479147384445	563.493184022622	1212.9853166303346
00451-05	1589.3046757544246	565.0232884651965	1210.8222074705193
00451-06	1588.9003188249183	565.985152328541	1208.303213501694
00451-07	1588.7624002064401	566.3132261799238	1205.6
00451-08	1588.9003188249183	565.985152328541	1202.8967864983058
00451-09	1589.3046757544246	565.0232884651965	1200.3777925294805
00451-10	1589.9479147384445	563.493184022622	1198.2146833696652
00451-11	1590.7862001032202	561.499113089962	1196.5548713333944
00451-12	1591.7624040864737	559.176968305919	1195.511469867971
00451-13	1592.81	556.685	1195.155585058961
00451-14	1593.8575959135262	554.1930316940809	1195.511469867971
00451-15	1594.8337998967797	551.8708869100379	1196.5548713333944
00451-16	1595.6720852615554	549.8768159773779	1198.2146833696652
00451-17	1596.3153242455753	548.3467115348034	1200.3777925294805
00451-18	1596.7196811750816	547.3848476714589	1202.8967864983058
00451-19	1596.8575997935598	547.056773820076	1205.6
00451-20	1596.7196811750816	547.3848476714589	1208.303213501694
00451-21	1596.3153242455753	548.3467115348034	1210.8222074705193
00451-22	1595.6720852615554	549.8768159773779	1212.9853166303346
00451-23	1594.8337998967797	551.8708869100379	1214.6451286666054
00451-24	1593.8575959135262	554.1930316940809	1215.6885301320287
00452-01	1592.81	556.685	1283.044414941039
00452-02	1591.7624040864737	559.176968305919	1282.6885301320287
00452-03	1590.7862001032202	561.499113089962	1281.6451286666054
00452-04	1589.9479147384445	563.493184022622	1279.9853166303346
00452-05	1589.3046757544246	565.0232884651965	1277.8222074705193
00452-06	1588.9003188249183	565.985152328541	1275.303213501694
00452-07	1588.7624002064401	566.3132261799238	1272.6
00452-08	1588.9003188249183	565.985152328541	1269.8967864983058
00452-09	1589.3046757544246	565.0232884651965	1267.3777925294805
00452-10	1589.9479147384445	563.493184022622	1265.2146833696652
00452-11	1590.7862001032202	561.499113089962	1263.5548713333944
00452-12	1591.7624040864737	559.176968305919	1262.511469867971
00452-13	1592.81	556.685	1262.155585058961
00452-14	1593.8575959135262	554.1930316940809	1262.511469867971
00452-15	1594.8337998967797	551.8708869100379	1263.5548713333944
00452-16	1595.6720852615554	549.8768159773779	1265.2146833696652
00452-17	1596.3153242455753	548.3467115348034	1267.3777925294805
00452-18	1596.7196811750816	547.3848476714589	1269.8967864983058
00452-19	1596.8575997935598	547.056773820076	1272.6
00452-20	1596.7196811750816	547.3848476714589	1275.303213501694
00452-21	1596.3153242455753	548.3467115348034	1277.8222074705193
00452-22	1595.6720852615554	549.8768159773779	1279.9853166303346
00452-23	1594.8337998967797	551.8708869100379	1281.6451286666054
00452-24	1593.8575959135262	554.1930316940809	1282.6885301320287
00453-01	1592.81	556.685	1350.044414941039
00453-02	1591.7624040864737	559.176968305919	1349.6885301320287
00453-03	1590.7862001032202	561.499113089962	1348.6451286666054
00453-04	1589.9479147384445	563.493184022622	1346.9853166303346
00453-05	1589.3046757544246	565.0232884651965	1344.8222074705193
00453-06	1588.9003188249183	565.985152328541	1342.303213501694
00453-07	1588.7624002064401	566.3132261799238	1339.6
00453-08	1588.9003188249183	565.985152328541	1336.8967864983058
00453-09	1589.3046757544246	565.0232884651965	1334.3777925294805
00453-10	1589.9479147384445	563.493184022622	1332.2146833696652
00453-11	1590.7862001032202	561.499113089962	1330.5548713333944
00453-12	1591.7624040864737	559.176968305919	1329.511469867971
00453-13	1592.81	556.685	1329.155585058961
00453-14	1593.8575959135262	554.1930316940809	1329.511469867971
00453-15	1594.8337998967797	551.8708869100379	1330.5548713333944
00453-16	1595.6720852615554	549.8768159773779	1332.2146833696652
00453-17	1596.3153242455753	548.3467115348034	1334.3777925294805
00453-18	1596.7196811750816	547.3848476714589	1336.8967864983058
00453-19	1596.8575997935598	547.056773820076	1339.6
00453-20	1596.7196811750816	547.3848476714589	1342.303213501694
00453-21	1596.3153242455753	548.3467115348034	1344.8222074705193
00453-22	1595.6720852615554	549.8768159773779	1346.9853166303346
00453-23	1594.8337998967797	551.8708869100379	1348.6451286666054
00453-24	1593.8575959135262	554.1930316940809	1349.6885301320287
00502-01	1566.18	620.017	1216.044414941039
00502-02	1565.1324040864738	622.5089683059191	1215.6885301320287
00502-03	1564.1562001032203	624.8311130899621	1214.6451286666054
00502-04	1563.3179147384446	626.8251840226221	1212.9853166303346
00502-05	1562.6746757544247	628.3552884651966	1210.8222074705193
00502-06	1562.2703188249184	629.317152328541	1208.303213501694
00502-07	1562.1324002064403	629.645226179924	1205.6
00502-08	1562.2703188249184	629.317152328541	1202.8967864983058
00502-09	1562.6746757544247	628.3552884651966	1200.3777925294805
00502-10	1563.3179147384446	626.8251840226221	1198.2146833696652
00502-11	1564.1562001032203	624.8311130899621	1196.5548713333944
00502-12	1565.1324040864738	622.5089683059191	1195.511469867971
00502-13	1566.18	620.017	1195.155585058961
00502-14	1567.2275959135263	617.525031694081	1195.511469867971
00502-15	1568.2037998967799	615.202886910038	1196.5548713333944
00502-16	1569.0420852615555	613.208815977378	1198.2146833696652
00502-17	1569.6853242455754	611.6787115348035	1200.3777925294805
00502-18	1570.0896811750818	610.716847671459	1202.8967864983058
00502-19	1570.2275997935599	610.3887738200762	1205.6
00502-20	1570.0896811750818	610.716847671459	1208.303213501694
00502-21	1569.6853242455754	611.6787115348035	1210.8222074705193
00502-22	1569.0420852615555	613.208815977378	1212.9853166303346
00502-23	1568.2037998967799	615.202886910038	1214.6451286666054
00502-24	1567.2275959135263	617.525031694081	1215.6885301320287
00503-01	1566.18	620.017	1283.044414941039
00503-02	1565.1324040864738	622.5089683059191	1282.6885301320287
00503-03	1564.1562001032203	624.8311130899621	1281.6451286666054
00503-04	1563.3179147384446	626.8251840226221	1279.9853166303346
00503-05	1562.6746757544247	628.3552884651966	1277.8222074705193
00503-06	1562.2703188249184	629.317152328541	1275.303213501694
00503-07	1562.1324002064403	629.645226179924	1272.6
00503-08	1562.2703188249184	629.317152328541	1269.8967864983058
00503-09	1562.6746757544247	628.3552884651966	1267.3777925294805
00503-10	1563.3179147384446	626.8251840226221	1265.2146833696652
00503-11	1564.1562001032203	624.8311130899621	1263.5548713333944
00503-12	1565.1324040864738	622.5089683059191	1262.511469867971
00503-13	1566.18	620.017	1262.155585058961
00503-14	1567.2275959135263	617.525031694081	1262.511469867971
00503-15	1568.2037998967799	615.202886910038	1263.5548713333944
00503-16	1569.0420852615555	613.208815977378	1265.2146833696652
00503-17	1569.6853242455754	611.6787115348035	1267.3777925294805
00503-18	1570.0896811750818	610.716847671459	1269.8967864983058
00503-19	1570.2275997935599	610.3887738200762	1272.6
00503-20	1570.0896811750818	610.716847671459	1275.303213501694
00503-21	1569.6853242455754	611.6787115348035	1277.8222074705193
00503-22	1569.0420852615555	613.208815977378	1279.9853166303346
00503-23	1568.2037998967799	615.202886910038	1281.6451286666054
00503-24	1567.2275959135263	617.525031694081	1282.6885301320287
00504-01	1566.18	620.017	1350.044414941039
00504-02	1565.1324040864738	622.5089683059191	1349.6885301320287
00504-03	1564.1562001032203	624.8311130899621	1348.6451286666054
00504-04	1563.3179147384446	626.8251840226221	1346.9853166303346
00504-05	1562.6746757544247	628.3552884651966	1344.8222074705193
00504-06	1562.2703188249184	629.317152328541	1342.303213501694
00504-07	1562.1324002064403	629.645226179924	1339.6
00504-08	1562.2703188249184	629.317152328541	1336.8967864983058
00504-09	1562.6746757544247	628.3552884651966	1334.3777925294805
00504-10	1563.3179147384446	626.8251840226221	1332.2146833696652
00504-11	1564.1562001032203	624.8311130899621	1330.5548713333944
00504-12	1565.1324040864738	622.5089683059191	1329.511469867971
00504-13	1566.18	620.017	1329.155585058961
00504-14	1567.2275959135263	617.525031694081	1329.511469867971
00504-15	1568.2037998967799	615.202886910038	1330.5548713333944
00504-16	1569.0420852615555	613.208815977378	1332.2146833696652
00504-17	1569.6853242455754	611.6787115348035	1334.3777925294805
00504-18	1570.0896811750818	610.716847671459	1336.8967864983058
00504-19	1570.2275997935599	610.3887738200762	1339.6
00504-20	1570.0896811750818	610.716847671459	1342.303213501694
00504-21	1569.6853242455754	611.6787115348035	1344.8222074705193
00504-22	1569.0420852615555	613.208815977378	1346.9853166303346
00504-23	1568.2037998967799	615.202886910038	1348.6451286666054
00504-24	1567.2275959135263	617.525031694081	1349.6885301320287
00553-01	1538.79	685.192	1216.044414941039
00553-02	1537.7424040864737	687.683968305919	1215.6885301320287
00553-03	1536.7662001032202	690.006113089962	1214.6451286666054
00553-04	1535.9279147384445	692.0001840226221	1212.9853166303346
00553-05	1535.2846757544246	693.5302884651966	1210.8222074705193
00553-06	1534.8803188249183	694.492152328541	1208.303213501694
00553-07	1534.7424002064402	694.8202261799239	1205.6
00553-08	1534.8803188249183	694.492152328541	1202.8967864983058
00553-09	1535.2846757544246	693.5302884651966	1200.3777925294805
00553-10	1535.9279147384445	692.0001840226221	1198.2146833696652
00553-11	1536.7662001032202	690.006113089962	1196.5548713333944
00553-12	1537.7424040864737	687.683968305919	1195.511469867971
00553-13	1538.79	685.192	1195.155585058961
00553-14	1539.8375959135262	682.700031694081	1195.511469867971
00553-15	1540.8137998967798	680.377886910038	1196.5548713333944
00553-16	1541.6520852615554	678.3838159773779	1198.2146833696652
00553-17	1542.2953242455753	676.8537115348034	1200.3777925294805
00553-18	1542.6996811750817	675.891847671459	1202.8967864983058
00553-19	1542.8375997935598	675.5637738200761	1205.6
00553-20	1542.6996811750817	675.891847671459	1208.303213501694
00553-21	1542.2953242455753	676.8537115348034	1210.8222074705193
00553-22	1541.6520852615554	678.3838159773779	1212.9853166303346
00553-23	1540.8137998967798	680.377886910038	1214.6451286666054
00553-24	1539.8375959135262	682.700031694081	1215.6885301320287
00554-01	1538.79	685.192	1283.044414941039
00554-02	1537.7424040864737	687.683968305919	1282.6885301320287
00554-03	1536.7662001032202	690.006113089962	1281.6451286666054
00554-04	1535.9279147384445	692.0001840226221	1279.9853166303346
00554-05	1535.2846757544246	693.5302884651966	1277.8222074705193
00554-06	1534.8803188249183	694.492152328541	1275.303213501694
00554-07	1534.7424002064402	694.8202261799239	1272.6
00554-08	1534.8803188249183	694.492152328541	1269.8967864983058
00554-09	1535.2846757544246	693.5302884651966	1267.3777925294805
00554-10	1535.9279147384445	692.0001840226221	1265.2146833696652
00554-11	1536.7662001032202	690.006113089962	1263.5548713333944
00554-12	1537.7424040864737	687.683968305919	1262.511469867971
00554-13	1538.79	685.192	1262.155585058961
00554-14	1539.8375959135262	682.700031694081	1262.511469867971
00554-15	1540.8137998967798	680.377886910038	1263.5548713333944
00554-16	1541.6520852615554	678.3838159773779	1265.2146833696652
00554-17	1542.2953242455753	676.8537115348034	1267.3777925294805
00554-18	1542.6996811750817	675.891847671459	1269.8967864983058
00554-19	1542.8375997935598	675.5637738200761	1272.6
00554-20	1542.6996811750817	675.891847671459	1275.303213501694
00554-21	1542.2953242455753	676.8537115348034	1277.8222074705193
00554-22	1541.6520852615554	678.3838159773779	1279.9853166303346
00554-23	1540.8137998967798	680.377886910038	1281.6451286666054
00554-24	1539.8375959135262	682.700031694081	1282.6885301320287
00555-01	1538.79	685.192	1350.044414941039
00555-02	1537.7424040864737	687.683968305919	1349.6885301320287
00555-03	1536.7662001032202	690.006113089962	1348.6451286666054
00555-04	1535.9279147384445	692.0001840226221	1346.9853166303346
00555-05	1535.2846757544246	693.5302884651966	1344.8222074705193
00555-06	1534.8803188249183	694.492152328541	1342.303213501694
00555-07	1534.7424002064402	694.8202261799239	1339.6
00555-08	1534.8803188249183	694.492152328541	1336.8967864983058
00555-09	1535.2846757544246	693.5302884651966	1334.3777925294805
00555-10	1535.9279147384445	692.0001840226221	1332.2146833696652
00555-11	1536.7662001032202	690.006113089962	1330.5548713333944
00555-12	1537.7424040864737	687.683968305919	1329.511469867971
00555-13	1538.79	685.192	1329.155585058961
00555-14	1539.8375959135262	682.700031694081	1329.511469867971
00555-15	1540.8137998967798	680.377886910038	1330.5548713333944
00555-16	1541.6520852615554	678.3838159773779	1332.2146833696652
00555-17	1542.2953242455753	676.8537115348034	1334.3777925294805
00555-18	1542.6996811750817	675.891847671459	1336.8967864983058
00555-19	1542.8375997935598	675.5637738200761	1339.6
00555-20	1542.6996811750817	675.891847671459	1342.303213501694
00555-21	1542.2953242455753	676.8537115348034	1344.8222074705193
00555-22	1541.6520852615554	678.3838159773779	1346.9853166303346
00555-23	1540.8137998967798	680.377886910038	1348.6451286666054
00555-24	1539.8375959135262	682.700031694081	1349.6885301320287
00604-01	1512.16	748.524	1216.044414941039
00604-02	1511.1124040864738	751.015968305919	1215.6885301320287
00604-03	1510.1362001032203	753.338113089962	1214.6451286666054
00604-04	1509.2979147384447	755.3321840226221	1212.9853166303346
00604-05	1508.6546757544247	756.8622884651966	1210.8222074705193
00604-06	1508.2503188249184	757.824152328541	1208.303213501694
00604-07	1508.1124002064403	758.1522261799239	1205.6
00604-08	1508.2503188249184	757.824152328541	1202.8967864983058
00604-09	1508.6546757544247	756.8622884651966	1200.3777925294805
00604-10	1509.2979147384447	755.3321840226221	1198.2146833696652
00604-11	1510.1362001032203	753.338113089962	1196.5548713333944
00604-12	1511.1124040864738	751.015968305919	1195.511469867971
00604-13	1512.16	748.524	1195.155585058961
00604-14	1513.2075959135263	746.032031694081	1195.511469867971
00604-15	1514.1837998967799	743.709886910038	1196.5548713333944
00604-16	1515.0220852615555	741.7158159773779	1198.2146833696652
00604-17	1515.6653242455754	740.1857115348034	1200.3777925294805
00604-18	1516.0696811750818	739.223847671459	1202.8967864983058
00604-19	1516.20759979356	738.8957738200761	1205.6
00604-20	1516.0696811750818	739.223847671459	1208.303213501694
00604-21	1515.6653242455754	740.1857115348034	1210.8222074705193
00604-22	1515.0220852615555	741.7158159773779	1212.9853166303346
00604-23	1514.1837998967799	743.709886910038	1214.6451286666054
00604-24	1513.2075959135263	746.032031694081	1215.6885301320287
00605-01	1512.16	748.524	1283.044414941039
00605-02	1511.1124040864738	751.015968305919	1282.6885301320287
00605-03	1510.1362001032203	753.338113089962	1281.6451286666054
00605-04	1509.2979147384447	755.3321840226221	1279.9853166303346
00605-05	1508.6546757544247	756.8622884651966	1277.8222074705193
00605-06	1508.2503188249184	757.824152328541	1275.303213501694
00605-07	1508.1124002064403	758.1522261799239	1272.6
00605-08	1508.2503188249184	757.824152328541	1269.8967864983058
00605-09	1508.6546757544247	756.8622884651966	1267.3777925294805
00605-10	1509.2979147384447	755.3321840226221	1265.2146833696652
00605-11	1510.1362001032203	753.338113089962	1263.5548713333944
00605-12	1511.1124040864738	751.015968305919	1262.511469867971
00605-13	1512.16	748.524	1262.155585058961
00605-14	1513.2075959135263	746.032031694081	1262.511469867971
00605-15	1514.1837998967799	743.709886910038	1263.5548713333944
00605-16	1515.0220852615555	741.7158159773779	1265.2146833696652
00605-17	1515.6653242455754	740.1857115348034	1267.3777925294805
00605-18	1516.0696811750818	739.223847671459	1269.8967864983058
00605-19	1516.20759979356	738.8957738200761	1272.6
00605-20	1516.0696811750818	739.223847671459	1275.303213501694
00605-21	1515.6653242455754	740.1857115348034	1277.8222074705193
00605-22	1515.0220852615555	741.7158159773779	1279.9853166303346
00605-23	1514.1837998967799	743.709886910038	1281.6451286666054
00605-24	1513.2075959135263	746.032031694081	1282.6885301320287
00606-01	1512.16	748.524	1350.044414941039
00606-02	1511.1124040864738	751.015968305919	1349.6885301320287
00606-03	1510.1362001032203	753.338113089962	1348.6451286666054
00606-04	1509.2979147384447	755.3321840226221	1346.9853166303346
00606-05	1508.6546757544247	756.8622884651966	1344.8222074705193
00606-06	1508.2503188249184	757.824152328541	1342.303213501694
00606-07	1508.1124002064403	758.1522261799239	1339.6
00606-08	1508.2503188249184	757.824152328541	1336.8967864983058
00606-09	1508.6546757544247	756.8622884651966	1334.3777925294805
00606-10	1509.2979147384447	755.3321840226221	1332.2146833696652
00606-11	1510.1362001032203	753.338113089962	1330.5548713333944
00606-12	1511.1124040864738	751.015968305919	1329.511469867971
00606-13	1512.16	748.524	1329.155585058961
00606-14	1513.2075959135263	746.032031694081	1329.511469867971
00606-15	1514.1837998967799	743.709886910038	1330.5548713333944
00606-16	1515.0220852615555	741.7158159773779	1332.2146833696652
00606-17	1515.6653242455754	740.1857115348034	1334.3777925294805
00606-18	1516.0696811750818	739.223847671459	1336.8967864983058
00606-19	1516.20759979356	738.8957738200761	1339.6
00606-20	1516.0696811750818	739.223847671459	1342.303213501694
00606-21	1515.6653242455754	740.1857115348034	1344.8222074705193
00606-22	1515.0220852615555	741.7158159773779	1346.9853166303346
00606-23	1514.1837998967799	743.709886910038	1348.6451286666054
00606-24	1513.2075959135263	746.032031694081	1349.6885301320287
00655-01	1477.66	814.519	1177.690249077797
00655-02	1481.5304344270085	808.4198382279103	1178.6412507789491
00655-03	1485.1371051440112	802.7363242512471	1181.429446688076
00655-04	1488.2342235019505	797.8557801550689	1185.8648258616827
00655-05	1490.610726002962	794.1108069540502	1191.6451245388985
00655-06	1492.1046579289587	791.7566183829792	1198.3764249172661
00655-07	1492.6142102880226	790.953648502494	1205.6
00655-08	1492.1046579289587	791.7566183829792	1212.8235750827337
00655-09	1490.610726002962	794.1108069540502	1219.5548754611013
00655-10	1488.2342235019505	797.8557801550689	1225.3351741383171
00655-11	1485.1371051440112	802.7363242512471	1229.7705533119238
00655-12	1481.5304344270085	808.4198382279103	1232.5587492210507
00655-13	1477.66	814.519	1233.5097509222028
00655-14	1473.7895655729917	820.6181617720897	1232.5587492210507
00655-15	1470.182894855989	826.3016757487529	1229.7705533119238
00655-16	1467.0857764980497	831.182219844931	1225.3351741383171
00655-17	1464.709273997038	834.9271930459498	1219.5548754611013
00655-18	1463.2153420710415	837.2813816170208	1212.8235750827337
00655-19	1462.7057897119776	838.084351497506	1205.6
00655-20	1463.2153420710415	837.2813816170208	1198.3764249172661
00655-21	1464.709273997038	834.9271930459498	1191.6451245388985
00655-22	1467.0857764980497	831.1822198449311	1185.8648258616827
00655-23	1470.182894855989	826.3016757487529	1181.429446688076
00655-24	1473.7895655729917	820.6181617720898	1178.6412507789491
00656-01	1477.66	814.519	1244.690249077797
00656-02	1481.5304344270085	808.4198382279103	1245.6412507789491
00656-03	1485.1371051440112	802.7363242512471	1248.429446688076
00656-04	1488.2342235019505	797.8557801550689	1252.8648258616827
00656-05	1490.610726002962	794.1108069540502	1258.6451245388985
00656-06	1492.1046579289587	791.7566183829792	1265.3764249172661
00656-07	1492.6142102880226	790.953648502494	1272.6
00656-08	1492.1046579289587	791.7566183829792	1279.8235750827337
00656-09	1490.610726002962	794.1108069540502	1286.5548754611013
00656-10	1488.2342235019505	797.8557801550689	1292.3351741383171
00656-11	1485.1371051440112	802.7363242512471	1296.7705533119238
00656-12	1481.5304344270085	808.4198382279103	1299.5587492210507
00656-13	1477.66	814.519	1300.5097509222028
00656-14	1473.7895655729917	820.6181617720897	1299.5587492210507
00656-15	1470.182894855989	826.3016757487529	1296.7705533119238
00656-16	1467.0857764980497	831.182219844931	1292.3351741383171
00656-17	1464.709273997038	834.9271930459498	1286.5548754611013
00656-18	1463.2153420710415	837.2813816170208	1279.8235750827337
00656-19	1462.7057897119776	838.084351497506	1272.6
00656-20	1463.2153420710415	837.2813816170208	1265.3764249172661
00656-21	1464.709273997038	834.9271930459498	1258.6451245388985
00656-22	1467.0857764980497	831.1822198449311	1252.8648258616827
00656-23	1470.182894855989	826.3016757487529	1248.429446688076
00656-24	1473.7895655729917	820.6181617720898	1245.6412507789491
00657-01	1477.66	814.519	1311.690249077797
00657-02	1481.5304344270085	808.4198382279103	1312.6412507789491
00657-03	1485.1371051440112	802.7363242512471	1315.429446688076
00657-04	1488.2342235019505	797.8557801550689	1319.8648258616827
00657-05	1490.610726002962	794.1108069540502	1325.6451245388985
00657-06	1492.1046579289587	791.7566183829792	1332.3764249172661
00657-07	1492.6142102880226	790.953648502494	1339.6
00657-08	1492.1046579289587	791.7566183829792	1346.8235750827337
00657-09	1490.610726002962	794.1108069540502	1353.5548754611013
00657-10	1488.2342235019505	797.8557801550689	1359.3351741383171
00657-11	1485.1371051440112	802.7363242512471	1363.7705533119238
00657-12	1481.5304344270085	808.4198382279103	1366.5587492210507
00657-13	1477.66	814.519	1367.5097509222028
00657-14	1473.7895655729917	820.6181617720897	1366.5587492210507
00657-15	1470.182894855989	826.3016757487529	1363.7705533119238
00657-16	1467.0857764980497	831.182219844931	1359.3351741383171
00657-17	1464.709273997038	834.9271930459498	1353.5548754611013
00657-18	1463.2153420710415	837.2813816170208	1346.8235750827337
00657-19	1462.7057897119776	838.084351497506	1339.6
00657-20	1463.2153420710415	837.2813816170208	1332.3764249172661
00657-21	1464.709273997038	834.9271930459498	1325.6451245388985
00657-22	1467.0857764980497	831.1822198449311	1319.8648258616827
00657-23	1470.182894855989	826.3016757487529	1315.429446688076
00657-24	1473.7895655729917	820.6181617720898	1312.6412507789491
00706-01	1440.85	872.524	1177.690249077797
00706-02	1444.7204344270083	866.4248382279103	1178.6412507789491
00706-03	1448.327105144011	860.7413242512471	1181.429446688076
00706-04	1451.4242235019503	855.860780155069	1185.8648258616827
00706-05	1453.800726002962	852.1158069540502	1191.6451245388985
00706-06	1455.2946579289585	849.7616183829792	1198.3764249172661
00706-07	1455.8042102880224	848.958648502494	1205.6
00706-08	1455.2946579289585	849.7616183829792	1212.8235750827337
00706-09	1453.800726002962	852.1158069540502	1219.5548754611013
00706-10	1451.4242235019503	855.860780155069	1225.3351741383171
00706-11	1448.327105144011	860.7413242512471	1229.7705533119238
00706-12	1444.7204344270083	866.4248382279103	1232.5587492210507
00706-13	1440.85	872.524	1233.5097509222028
00706-14	1436.9795655729915	878.6231617720897	1232.5587492210507
00706-15	1433.3728948559888	884.3066757487529	1229.7705533119238
00706-16	1430.2757764980495	889.187219844931	1225.3351741383171
00706-17	1427.8992739970379	892.9321930459498	1219.5548754611013
00706-18	1426.4053420710413	895.2863816170208	1212.8235750827337
00706-19	1425.8957897119774	896.089351497506	1205.6
00706-20	1426.4053420710413	895.2863816170208	1198.3764249172661
00706-21	1427.8992739970379	892.9321930459498	1191.6451245388985
00706-22	1430.2757764980495	889.187219844931	1185.8648258616827
00706-23	1433.3728948559888	884.3066757487529	1181.429446688076
00706-24	1436.9795655729915	878.6231617720898	1178.6412507789491
00707-01	1440.85	872.524	1244.690249077797
00707-02	1444.7204344270083	866.4248382279103	1245.6412507789491
00707-03	1448.327105144011	860.7413242512471	1248.429446688076
00707-04	1451.4242235019503	855.860780155069	1252.8648258616827
00707-05	1453.800726002962	852.1158069540502	1258.6451245388985
00707-06	1455.2946579289585	849.7616183829792	1265.3764249172661
00707-07	1455.8042102880224	848.958648502494	1272.6
00707-08	1455.2946579289585	849.7616183829792	1279.8235750827337
00707-09	1453.800726002962	852.1158069540502	1286.5548754611013
00707-10	1451.4242235019503	855.860780155069	1292.3351741383171
00707-11	1448.327105144011	860.7413242512471	1296.7705533119238
00707-12	1444.7204344270083	866.4248382279103	1299.5587492210507
00707-13	1440.85	872.524	1300.5097509222028
00707-14	1436.9795655729915	878.6231617720897	1299.5587492210507
00707-15	1433.3728948559888	884.3066757487529	1296.7705533119238
00707-16	1430.2757764980495	889.187219844931	1292.3351741383171
00707-17	1427.8992739970379	892.9321930459498	1286.5548754611013
00707-18	1426.4053420710413	895.2863816170208	1279.8235750827337
00707-19	1425.8957897119774	896.089351497506	1272.6
00707-20	1426.4053420710413	895.2863816170208	1265.3764249172661
00707-21	1427.8992739970379	892.9321930459498	1258.6451245388985
00707-22	1430.2757764980495	889.187219844931	1252.8648258616827
00707-23	1433.3728948559888	884.3066757487529	1248.429446688076
00707-24	1436.9795655729915	878.6231617720898	1245.6412507789491
00708-01	1440.85	872.524	1311.690249077797
00708-02	1444.7204344270083	866.4248382279103	1312.6412507789491
00708-03	1448.327105144011	860.7413242512471	1315.429446688076
00708-04	1451.4242235019503	855.860780155069	1319.8648258616827
00708-05	1453.800726002962	852.1158069540502	1325.6451245388985
00708-06	1455.2946579289585	849.7616183829792	1332.3764249172661
00708-07	1455.8042102880224	848.958648502494	1339.6
00708-08	1455.2946579289585	849.7616183829792	1346.8235750827337
00708-09	1453.800726002962	852.1158069540502	1353.5548754611013
00708-10	1451.4242235019503	855.860780155069	1359.3351741383171
00708-11	1448.327105144011	860.7413242512471	1363.7705533119238
00708-12	1444.7204344270083	866.4248382279103	1366.5587492210507
00708-13	1440.85	872.524	1367.5097509222028
00708-14	1436.9795655729915	878.6231617720897	1366.5587492210507
00708-15	1433.3728948559888	884.3066757487529	1363.7705533119238
00708-16	1430.2757764980495	889.187219844931	1359.3351741383171
00708-17	1427.8992739970379	892.9321930459498	1353.5548754611013
00708-18	1426.4053420710413	895.2863816170208	1346.8235750827337
00708-19	1425.8957897119774	896.089351497506	1339.6
00708-20	1426.4053420710413	895.2863816170208	1332.3764249172661
00708-21	1427.8992739970379	892.9321930459498	1325.6451245388985
00708-22	1430.2757764980495	889.187219844931	1319.8648258616827
00708-23	1433.3728948559888	884.3066757487529	1315.429446688076
00708-24	1436.9795655729915	878.6231617720898	1312.6412507789491
00757-01	1402.97	932.218	1177.690249077797
00757-02	1406.8404344270084	926.1188382279103	1178.6412507789491
00757-03	1410.4471051440112	920.435324251247	1181.429446688076
00757-04	1413.5442235019505	915.554780155069	1185.8648258616827
00757-05	1415.920726002962	911.8098069540501	1191.6451245388985
00757-06	1417.4146579289586	909.4556183829792	1198.3764249172661
00757-07	1417.9242102880226	908.652648502494	1205.6
00757-08	1417.4146579289586	909.4556183829792	1212.8235750827337
00757-09	1415.920726002962	911.8098069540501	1219.5548754611013
00757-10	1413.5442235019505	915.554780155069	1225.3351741383171
00757-11	1410.4471051440112	920.435324251247	1229.7705533119238
00757-12	1406.8404344270084	926.1188382279103	1232.5587492210507
00757-13	1402.97	932.218	1233.5097509222028
00757-14	1399.0995655729917	938.3171617720897	1232.5587492210507
00757-15	1395.4928948559889	944.0006757487529	1229.7705533119238
00757-16	1392.3957764980496	948.8812198449309	1225.3351741383171
00757-17	1390.019273997038	952.6261930459498	1219.5548754611013
00757-18	1388.5253420710415	954.9803816170207	1212.8235750827337
00757-19	1388.0157897119775	955.7833514975059	1205.6
00757-20	1388.5253420710415	954.9803816170207	1198.3764249172661
00757-21	1390.019273997038	952.6261930459498	1191.6451245388985
00757-22	1392.3957764980496	948.8812198449309	1185.8648258616827
00757-23	1395.4928948559889	944.0006757487529	1181.429446688076
00757-24	1399.0995655729917	938.3171617720898	1178.6412507789491
00758-01	1402.97	932.218	1244.690249077797
00758-02	1406.8404344270084	926.1188382279103	1245.6412507789491
00758-03	1410.4471051440112	920.435324251247	1248.429446688076
00758-04	1413.5442235019505	915.554780155069	1252.8648258616827
00758-05	1415.920726002962	911.8098069540501	1258.6451245388985
00758-06	1417.4146579289586	909.4556183829792	1265.3764249172661
00758-07	1417.9242102880226	908.652648502494	1272.6
00758-08	1417.4146579289586	909.4556183829792	1279.8235750827337
00758-09	1415.920726002962	911.8098069540501	1286.5548754611013
00758-10	1413.5442235019505	915.554780155069	1292.3351741383171
00758-11	1410.4471051440112	920.435324251247	1296.7705533119238
00758-12	1406.8404344270084	926.1188382279103	1299.5587492210507
00758-13	1402.97	932.218	1300.5097509222028
00758-14	1399.0995655729917	938.3171617720897	1299.5587492210507
00758-15	1395.4928948559889	944.0006757487529	1296.7705533119238
00758-16	1392.3957764980496	948.8812198449309	1292.3351741383171
00758-17	1390.019273997038	952.6261930459498	1286.5548754611013
00758-18	1388.5253420710415	954.9803816170207	1279.8235750827337
00758-19	1388.0157897119775	955.7833514975059	1272.6
00758-20	1388.5253420710415	954.9803816170207	1265.3764249172661
00758-21	1390.019273997038	952.6261930459498	1258.6451245388985
00758-22	1392.3957764980496	948.8812198449309	1252.8648258616827
00758-23	1395.4928948559889	944.0006757487529	1248.429446688076
00758-24	1399.0995655729917	938.3171617720898	1245.6412507789491
00759-01	1402.97	932.218	1311.690249077797
00759-02	1406.8404344270084	926.1188382279103	1312.6412507789491
00759-03	1410.4471051440112	920.435324251247	1315.429446688076
00759-04	1413.5442235019505	915.554780155069	1319.8648258616827
00759-05	1415.920726002962	911.8098069540501	1325.6451245388985
00759-06	1417.4146579289586	909.4556183829792	1332.3764249172661
00759-07	1417.9242102880226	908.652648502494	1339.6
00759-08	1417.4146579289586	909.4556183829792	1346.8235750827337
00759-09	1415.920726002962	911.8098069540501	1353.5548754611013
00759-10	1413.5442235019505	915.554780155069	1359.3351741383171
00759-11	1410.4471051440112	920.435324251247	1363.7705533119238
00759-12	1406.8404344270084	926.1188382279103	1366.5587492210507
00759-13	1402.97	932.218	1367.5097509222028
00759-14	1399.0995655729917	938.3171617720897	1366.5587492210507
00759-15	1395.4928948559889	944.0006757487529	1363.7705533119238
00759-16	1392.3957764980496	948.8812198449309	1359.3351741383171
00759-17	1390.019273997038	952.6261930459498	1353.5548754611013
00759-18	1388.5253420710415	954.9803816170207	1346.8235750827337
00759-19	1388.0157897119775	955.7833514975059	1339.6
00759-20	1388.5253420710415	954.9803816170207	1332.3764249172661
00759-21	1390.019273997038	952.6261930459498	1325.6451245388985
00759-22	1392.3957764980496	948.8812198449309	1319.8648258616827
00759-23	1395.4928948559889	944.0006757487529	1315.429446688076
00759-24	1399.0995655729917	938.3171617720898	1312.6412507789491
00808-01	1366.16	990.224	1177.690249077797
00808-02	1370.0304344270085	984.1248382279103	1178.6412507789491
00808-03	1373.6371051440112	978.4413242512471	1181.429446688076
00808-04	1376.7342235019505	973.5607801550691	1185.8648258616827
00808-05	1379.110726002962	969.8158069540502	1191.6451245388985
00808-06	1380.6046579289587	967.4616183829793	1198.3764249172661
00808-07	1381.1142102880226	966.6586485024941	1205.6
00808-08	1380.6046579289587	967.4616183829793	1212.8235750827337
00808-09	1379.110726002962	969.8158069540502	1219.5548754611013
00808-10	1376.7342235019505	973.5607801550691	1225.3351741383171
00808-11	1373.6371051440112	978.4413242512471	1229.7705533119238
00808-12	1370.0304344270085	984.1248382279103	1232.5587492210507
00808-13	1366.16	990.224	1233.5097509222028
00808-14	1362.2895655729917	996.3231617720897	1232.5587492210507
00808-15	1358.682894855989	1002.006675748753	1229.7705533119238
00808-16	1355.5857764980497	1006.887219844931	1225.3351741383171
00808-17	1353.209273997038	1010.6321930459499	1219.5548754611013
00808-18	1351.7153420710415	1012.9863816170208	1212.8235750827337
00808-19	1351.2057897119776	1013.789351497506	1205.6
00808-20	1351.7153420710415	1012.9863816170208	1198.3764249172661
00808-21	1353.209273997038	1010.6321930459499	1191.6451245388985
00808-22	1355.5857764980497	1006.887219844931	1185.8648258616827
00808-23	1358.682894855989	1002.006675748753	1181.429446688076
00808-24	1362.2895655729917	996.3231617720899	1178.6412507789491
00809-01	1366.16	990.224	1244.690249077797
00809-02	1370.0304344270085	984.1248382279103	1245.6412507789491
00809-03	1373.6371051440112	978.4413242512471	1248.429446688076
00809-04	1376.7342235019505	973.5607801550691	1252.8648258616827
00809-05	1379.110726002962	969.8158069540502	1258.6451245388985
00809-06	1380.6046579289587	967.4616183829793	1265.3764249172661
00809-07	1381.1142102880226	966.6586485024941	1272.6
00809-08	1380.6046579289587	967.4616183829793	1279.8235750827337
00809-09	1379.110726002962	969.8158069540502	1286.5548754611013
00809-10	1376.7342235019505	973.5607801550691	1292.3351741383171
00809-11	1373.6371051440112	978.4413242512471	1296.7705533119238
00809-12	1370.0304344270085	984.1248382279103	1299.5587492210507
00809-13	1366.16	990.224	1300.5097509222028
00809-14	1362.2895655729917	996.3231617720897	1299.5587492210507
00809-15	1358.682894855989	1002.006675748753	1296.7705533119238
00809-16	1355.5857764980497	1006.887219844931	1292.3351741383171
00809-17	1353.209273997038	1010.6321930459499	1286.5548754611013
00809-18	1351.7153420710415	1012.9863816170208	1279.8235750827337
00809-19	1351.2057897119776	1013.789351497506	1272.6
00809-20	1351.7153420710415	1012.9863816170208	1265.3764249172661
00809-21	1353.209273997038	1010.6321930459499	1258.6451245388985
00809-22	1355.5857764980497	1006.887219844931	1252.8648258616827
00809-23	1358.682894855989	1002.006675748753	1248.429446688076
00809-24	1362.2895655729917	996.3231617720899	1245.6412507789491
00810-01	1366.16	990.224	1311.690249077797
00810-02	1370.0304344270085	984.1248382279103	1312.6412507789491
00810-03	1373.6371051440112	978.4413242512471	1315.429446688076
00810-04	1376.7342235019505	973.5607801550691	1319.8648258616827
00810-05	1379.110726002962	969.8158069540502	1325.6451245388985
00810-06	1380.6046579289587	967.4616183829793	1332.3764249172661
00810-07	1381.1142102880226	966.6586485024941	1339.6
00810-08	1380.6046579289587	967.4616183829793	1346.8235750827337
00810-09	1379.110726002962	969.8158069540502	1353.5548754611013
00810-10	1376.7342235019505	973.5607801550691	1359.3351741383171
00810-11	1373.6371051440112	978.4413242512471	1363.7705533119238
00810-12	1370.0304344270085	984.1248382279103	1366.5587492210507
00810-13	1366.16	990.224	1367.5097509222028
00810-14	1362.2895655729917	996.3231617720897	1366.5587492210507
00810-15	1358.682894855989	1002.006675748753	1363.7705533119238
00810-16	1355.5857764980497	1006.887219844931	1359.3351741383171
00810-17	1353.209273997038	1010.6321930459499	1353.5548754611013
00810-18	1351.7153420710415	1012.9863816170208	1346.8235750827337
00810-19	1351.2057897119776	1013.789351497506	1339.6
00810-20	1351.7153420710415	1012.9863816170208	1332.3764249172661
00810-21	1353.209273997038	1010.6321930459499	1325.6451245388985
00810-22	1355.5857764980497	1006.887219844931	1319.8648258616827
00810-23	1358.682894855989	1002.006675748753	1315.429446688076
00810-24	1362.2895655729917	996.3231617720899	1312.6412507789491
