1.1906008344556356
0.8946452243052441
2.7914699046847025
1.3464794236455058
1.1632169232698586
1.8011922462089405
1.5115766650825395
0.6922903575418135
1.7142374602216581
0.46834234905453787
2.1734106584910338
0.5847896515351416
2.1008857479408545
0.7226561158689303
0.8744017585038462
1.1646008546568216
0.8195820214092372
0.8391283822101641
0.8851343760494378
0.8724487082580159
3.131223500720799
0.9760156520677586
1.1173168080539548
2.8025019345237934
0.4371252363536993
0.5236441028905324
1.1097878395703744
1.6835057816182166
1.0344516308334046
0.9055858286267005
0.7315223862175001
1.5473321350855949
0.5577516115947257
1.5454895124118637
0.5440152436043535
1.464578648486389
0.5608424572732087
0.8265402350874008
1.4162220354715718
1.6579816128412805
2.2954299896444637
1.5691728504171985
0.9767458776545294
1.068380650707202
1.1878687616386947
1.1788762423589532
1.9795166537251192
0.7500680485377925
1.0588437143934966
1.1635540060548468
1.5712272703331214
2.461086405061192
0.5411570803085113
1.9242768084482593
2.604575190091203
1.142398458719307
0.42172535499927866
0.7014010048117529
1.0737389213807158
0.8357041928235882
0.716406316553169
0.5440043514577544
2.7776668456390285
0.7375464140912249
1.1851637965363742
1.4442347868154852
1.699215492597885
0.40459080332541564
1.4287992944373222
0.8211125188612722
0.7157979071078565
1.5757835979221904
1.2325187959210955
1.7479827739587614
0.5772401822016549
1.4925608507268384
1.1610886299233538
0.5396645675611417
1.1325529373345231
0.6305225999540961
0.7990534638760416
0.792887342655774
2.4410075551822192
1.6266440443691572
0.9919782255236296
0.7925148311067866
0.896975812662254
1.244437326579282
1.5079752021524617
2.3175868462706934
1.6119242369394113
1.5120224807674942
0.5140073198719923
1.5133637173130285
0.6535247139340031
0.16503986761471642
0.9665164034263318
1.001726373745861
1.2927167262265349
0.6055055843442436
1.6601497374229477
0.6135493410739532
1.26571657026303
0.9252771260734329
1.0015572743923822
1.534084325208616
0.6771451263980534
1.1630833361248585
1.4667970418507055
1.3990178130242794
1.4258845161993652
1.1436865524465285
1.0740874979148458
1.088170759638045
1.0795090485553838
1.2423661463179045
1.2288790725471175
0.20055567278204395
1.7848936230434618
2.1128155208175414
1.3377479019924645
0.5133240346750235
3.04674492593317
0.638764638873533
1.635179235899769
0.9368444731496327
0.3790674894514182
1.1590051878450878
1.4065075136096876
2.091331653355511
1.5129432785010846
1.0894738908570896
0.6191208342786536
2.639304032112771
0.8946610258759403
0.9734865471561049
0.5220932884854267
0.9797096081985797
0.3652880380449992
0.5735035008692184
0.5792862372138349
0.9994818657217284
0.6437860246452386
0.9039437275094422
2.581959833452813
1.0551565761286374
0.5892901454338647
0.5653556842485763
0.6682020474227858
0.2623333991726074
0.6119388488119755
0.6537910354198372
0.9348283097547581
1.9369931938900735
1.1293754850605335
0.39360355791059715
0.5514447479760499
1.5539589300447476
0.7376957905485627
0.8236183972599789
0.7106230050505736
0.7676742109517699
2.214585247886373
0.6683695010348755
0.4548167689546687
2.334639866274815
0.7416124417503627
1.0259837502249234
1.145602156378198
1.5269986756045038
0.7899644669542485
1.0377920728525445
1.6572546070116414
2.314912123008213
1.1943021462719194
0.2843888871326598
1.0948771224840685
1.1375279827908675
0.8007866586221077
2.552530520872984
1.7585783244172615
1.2742547765750547
2.2413784550709046
1.4704448254683273
0.4656513252892267
0.9875288642835162
0.6997933823225797
2.0706315381859053
0.7689596493262945
2.3545268450994143
1.5403279116924078
1.2633355613681305
1.8697262629701832
1.004757678183602
2.964623548049836
1.85619079607219
0.7763542644677112
1.2590277167928723
1.2499627430169729
1.9369977758138268
1.3140127109969912
0.6870274372041885
1.0966984200018077
0.8538353581675906
1.44467153437212
3.3935392765254884
1.0031926049771915
0.7988832620769165
0.756511662053074
1.4692262900397488
0.9842597984810988
1.7224696151683567
1.0857209378614407
1.6367783773360756
2.3750316413143584
1.236795256134898
1.713848053329337
1.5471201420615335
0.5449118936529198
3.995715619614342
0.40159634747913586
0.7860763646517557
0.6276534131978972
0.7988471488659405
0.3831752569624965
0.7865966311450432
0.9903432556628275
1.0908000995409943
0.9093212210816587
2.2914986213488504
2.2709454312279975
0.6255539118304934
0.7429973890556409
1.6371479979676034
0.5796844118761918
0.8734134431909174
1.4010589632368495
1.8440773172088876
0.9345539251687447
1.0398952896945826
1.8044815286927414
0.988782668927626
0.9074052167964154
2.0739286034397684
0.7926354277914531
2.4387745968202834
1.2512290568122615
0.5886894410200305
1.073813171894256
1.6922907396523024
0.6864813720223207
0.9837445797459836
0.805282420229544
0.942380858773449
0.8661687187425297
0.5885931846656672
1.1765873765672472
1.329295279072111
1.8697935076986618
1.3456196366964364
1.2371920894193584
0.2676638451275979
1.6197781565960079
0.6989717682099089
2.4738979948621256
1.2293222070869256
0.578282240171168
0.9450915885371319
0.3447857127334103
3.145700211338594
0.423702299481972
1.5103161538786856
2.7333382955515813
0.8720305176110232
1.3224636222925492
2.0618903222508944
0.7552479692354601
0.3114496690635503
1.1434195335416832
1.3064006717460674
2.6345785954481515
0.6509584326163066
1.4758490398072481
1.0658611597639505
0.4849407432777333
1.280105117266785
0.7390792503737528
0.628877190613044
0.8884402539462463
1.8170771992129517
1.1099396630460454
2.338473080232313
1.05929293864137
0.6761987395011599
0.5018871750251652
0.28471826815181833
2.757705534771951
2.193448364791027
0.8702395070894398
0.713100421282411
0.8903123166713708
0.8770025116469142
1.7652376216211865
1.1397131142310477
2.3361293152461853
0.48670246329206934
1.9664394392582096
0.5374687168108783
0.9973161926264075
2.829502661041177
0.8685539149346122
1.9979214764313542
1.07311623790333
0.6554066656798394
2.8742625414704306
1.2764246435091198
0.6805124499524573
0.48234721409302883
1.2376824947261453
2.0293809579032467
1.0087978119792829
0.8349636266792156
1.2663733215095576
1.7596337511703262
1.0442765690720002
0.7331764249464897
1.3968155704491019
1.6412246696780097
0.9468911617350061
1.179967234037739
0.5550983726653472
0.8312571642537426
1.403286661255104
3.3350904340358136
2.2958376705636843
0.9036476467253908
1.6127069446412148
2.5384154214742756
1.4748220552179665
1.8973481199329845
1.0023831002415
2.42260278846962
1.0622801985106343
0.9134440950489094
1.6444468018294465
0.5092032609864792
1.8795383544323212
0.751804713278825
1.1312822287513424
2.3925897335110045
1.112576724836815
1.8074852591005415
2.098190201773116
1.74807225841884
0.8553333819379411
0.674641001737776
1.6101430306452713
1.4740672707351532
0.9048736855434392
2.2401786496633083
0.9692981404432485
1.0742693722364558
2.7354285169525894
2.4624321042007375
0.9117375568455758
0.6115282417961276
0.9575405738842897
1.0288574669824706
0.7694605676349349
1.122260845817589
0.8990990574417755
1.2448276921258994
0.47593880766933677
1.2400739639111586
0.7046042629340042
1.3720409900956545
0.8987179695123133
2.0007798640639587
1.051823142129981
1.2746409188730559
0.423112765480342
1.4223333807568495
1.401410649459015
0.5934749818347195
1.5341150341099923
1.729757436765029
1.4376264296463888
1.3138860393040448
0.8942926420364086
1.150728559475392
1.5571022443665676
2.1932644553230616
1.1007691744429353
1.1403270582341491
0.9421765067985522
0.8611997784109833
1.778359015220793
1.1450593598849392
1.229503127710976
1.7845537443754145
1.8046444185446269
1.2794141758021722
2.0975925186171978
1.7157630344966142
1.9073562790880736
1.8390886422806185
0.4761559737374756
1.106448150970575
1.4924826453672964
0.7859634277663408
0.7540766061401754
0.927441170785004
1.1257533383160736
1.7135914981367248
2.8752403369486657
1.0947298544491124
1.9346805159831681
1.4162284287420852
1.1821445262433705
1.7371470356954795
0.6515272825504038
2.167797121885185
1.3284273225230978
0.9673199321158302
1.432680468426489
1.5126671925804278
0.7824947260516306
0.507868967644298
1.637161853377746
0.8044848286294544
1.6133426241263225
3.0349068755725845
1.061380755593844
1.3432061484634938
1.456738823382218
1.466910928837494
1.5504333551337455
1.0345898921965506
0.7728916275992869
1.567438724412623
0.7877884595437478
0.8635075751417371
0.5100615765529791
1.2915929360349645
1.664202164281833
2.142583244353348
0.8094877926983564
1.162501471825321
0.5413278398184656
2.0089893519348467
0.9707478502615275
3.2501542274496424
3.0947389639854492
1.5037563271035306
0.7257914766600392
1.390284258870523
1.3152341144101816
0.3526743765070036
1.2356509866462793
1.4579918542731702
1.3066697927896669
0.8981826746911739
1.6242540516071786
1.032123375280442
1.4553145074672729
0.895791699872946
1.3669166536678474
1.2652430826916217
0.38113219353887007
1.6220705441133996
1.5200522776514207
0.8603708686114833
0.946108655433457
0.6215263349724555
0.5975553162266353
0.7823372219974023
2.3320639950252215
0.7527470528083318
1.7819745699684024
1.3580266693017176
1.3705022742553878
1.3424454194516056
0.5836916062053246
2.882258725175495
1.0640904641514162
1.2117513690582442
1.1513448067549745
4.318498452088368
0.36545419064101636
1.7847343593044123
1.2906862737437093
1.0956336574037786
2.3930025255244174
1.3197553924084908
1.9300370922093393
2.692268181766997
1.1073654540883335
1.7410334072763944
2.052427510493221
0.8849581151791786
1.185780213387321
0.7682794648638558
1.4276581866297902
1.5274470934011843
1.098325479333321
1.4185395374701795
1.2249493949398411
1.026558007824635
2.387176801506042
0.75386394176695
1.0867584428987727
1.8358423141544016
1.5313524722298464
0.7004905722667154
2.296963951783506
0.4580601661498808
0.2637687143050818
1.239182379235043
0.8663479755555193
0.2791316823361919
1.3197063328896215
1.1565412152443686
1.949023230288185
1.0726426948242047
1.1866489355258523
1.1693031563779879
1.2804456904321417
2.034433322505541
2.175608044141685
1.490221079961527
0.8072878031919213
1.0182248745236344
3.294488570548774
1.7614846825915
1.597235938715976
1.2136692736635788
2.1257090904247526
0.9972512556306691
1.4459660803854113
2.2999390664382102
1.1811660682045402
1.877439676401404
0.5604103175643713
1.6547644723071728
1.1988004627977997
0.9365982345930902
0.6908414857411752
1.2687928082571094
1.6547532553487618
0.8518371736492748
1.8829322444218162
1.9133212062982712
1.076447516148472
1.106700059605537
3.9367234944463085
1.119836948808842
0.4494930517460017
1.4952264719040695
0.7080979927636374
1.5871048426188896
1.8465423010073536
1.8008503631685773
0.6761470763373825
0.7225394481082665
0.9004515935050664
0.7021641219987074
1.4676720557433205
0.7994474356652077
3.3081603414838017
0.9027517291401435
0.8039092610215959
0.6481686231505651
1.4539473873000535
0.481458540385736
0.75941714097794
1.4341764395326728
0.8657952218255008
1.133038786417937
0.9278653894344664
1.2295868470743094
1.2750958667617667
0.9910148303532863
1.0788280278485431
1.77225215398185
1.8000959016717604
1.7267126975418126
1.1772901058150147
0.5630700299028661
1.3685851117284225
1.0221938015189695
1.2047418576799889
0.7274244252339905
2.480324482220098
1.4824515358526145
0.8681784915122034
1.1956169594389705
0.9975904590971104
0.5726422133723156
2.3169881096015605
