29.53089081860657
29.778548347838676
29.96111108388811
29.644759831011754
29.595460162222565
29.219386880052802
28.585670208969194
29.226103839193616
29.277782578494296
29.58370403730482
29.492071971672548
29.3956590161248
29.432186625374072
29.493975845764464
29.571700208434333
29.426353213247154
29.306793112887604
29.447012448250955
29.61137283041125
29.309521158833505
29.551789539321504
29.459877468232623
29.55189562810981
29.587134403910223
29.82673816313286
29.78953628686048
29.643645321710448
29.756836509436987
29.643380421495905
29.69768159481924
29.53783140758607
29.611060290960417
29.68208580344813
29.831042747859232
29.429723681059922
29.55802437119121
29.732822425401128
29.619952245741576
29.703536498615183
29.72902860909018
29.480435839845335
29.59566360558102
29.520921805161052
29.637719764226205
29.414494486585397
29.71023093308891
29.55992288430138
29.80846511177245
29.540081866107
29.597287073870177
29.547607122325
29.63203656482557
29.48628444819999
29.689552215455663
29.220272626070688
29.57322303373098
29.631225072445137
29.974087058707475
29.702036653790664
29.474668828179098
29.38915536024741
29.288086647243723
29.394833682423105
29.560065159630174
29.713667444869955
29.77592199344996
29.87557998719964
29.49629556353453
29.56737502024094
29.584149853242153
29.49235566299833
29.59052965179371
29.557000447086164
29.729332316523276
29.663935658979995
29.839151825552683
29.742829002652176
29.581027703947097
29.363080562694297
29.435720511643282
29.36672158240266
29.72216382874221
29.351355506066543
29.530478577290605
29.70650564129994
29.683328539804187
29.545681593043447
29.660407696240803
29.577805608616913
29.637096603490935
29.62114398029037
29.53842794576284
29.47620925457073
29.611504916421854
29.513207890403876
29.800489379222622
29.578479970570054
29.491789085847422
29.604896322403256
29.479849572787074
29.693228522012067
29.75642616756271
29.525631039990127
29.55738770259393
29.441780012208483
29.50138883118795
29.707433158106447
29.501003032334513
29.44038524455397
29.466298048467664
29.73443357521974
29.598278052615488
29.724344841138162
29.572106426259626
29.691403542796674
29.71055923772541
29.491287975899983
29.51449252346511
29.35121870994299
29.597749570963988
29.422470686882512
29.41966447010199
29.473559468522748
29.682618270220242
29.71406244332932
29.650693105809335
29.62505612041713
29.554997341939785
29.403329410191652
29.44854784495878
29.453225848737386
29.424631518731474
29.30729492793055
29.258781078647793
29.52240371377222
29.569534615364375
29.709543570926833
29.578196611136033
29.545052319479357
29.548461392526004
29.39831886623175
29.706092828209716
29.341598003183115
29.26466269926828
29.507501973542183
29.78541758452749
29.57791441940004
29.542063831699338
29.583152503535548
29.481362365841555
29.484385052925727
29.50086756418586
29.745981496011456
29.47991147769817
29.41707679899375
29.540607821856735
29.758607760554717
29.62898054357395
29.75505905123512
29.74836146378984
29.581023590955333
29.72051710845357
29.714114346817496
29.701409811691633
29.57517896149962
29.709093755853708
29.66883924635958
29.771388233171862
29.584488477994775
29.7241647383754
29.296229429977004
29.464749119105228
29.603537242567576
29.730778317043146
29.396614764610753
29.742580637995456
29.614178083183734
29.813014587800097
29.52766477105683
29.507222256479345
29.581785053781704
29.745945183745555
29.606119313235194
29.62209473189185
29.628849186071545
29.62713365207243
29.55670130152134
29.6120516633124
29.76425402998748
29.58757174108521
29.65721179651557
29.48848820225973
29.66713707504596
29.45312044267994
29.49277553318649
29.625596251535168
29.746714013258426
29.510790069479775
29.413666684835203
29.40363120574445
29.456165402684444
29.7163111746503
29.61968649523508
29.595388048692747
29.36404514331121
29.77529304163422
29.941257323324617
29.655905127254552
29.533435694206865
29.712421444195467
29.637450917302886
29.697308994777007
29.507994712863177
29.558573892118343
29.54408047162397
29.38316625119131
30.566115217773195
30.305646569184056
29.681609092141755
29.443328533953636
29.182489438297353
29.394079289760313
28.719164982725335
28.5635648396029
28.466802384542298
28.388290244815867
28.248621908038288
28.444563244975054
28.707563020730152
28.945950802404656
29.193299099910732
29.46799946460502
29.91989866031715
30.00745629323048
30.242150919175227
30.684955672018408
30.780178651315772
30.917782804106718
30.85597073396392
29.540817908415793
29.42433510670297
29.377725994005495
29.52608094892927
29.82538629324024
29.716158757269845
29.48262889406718
29.52567755637623
29.56228380821367
29.520587487375842
29.53707106796818
29.769594414976126
29.57115916760155
29.542984956906793
29.815368471477615
29.69249708371301
29.364885638513737
29.782127931289004
29.53272964012125
29.702893938974047
29.728568739842093
29.67900486155706
29.63354035445123
29.602517616745548
29.457007125794497
29.23514514433306
29.478753008464135
29.518262098869506
29.619648020350215
29.783657368893547
29.5973749378123
29.595025089780776
29.551360655353474
29.604509699705645
29.5299407448351
29.306179605574666
29.134403296919057
29.34873581466046
29.601881904187415
29.359157559888196
29.464880511675485
29.881683062718245
29.75809930659805
29.807789181765727
29.69418879926716
29.692911849897808
29.60531251672205
29.56531005537493
29.877800039592532
29.67444442556686
29.546595397657903
29.404777555328188
29.734882399537533
29.47635731606416
29.66771077150007
29.754435332114696
29.881588812788717
29.681328067136043
29.54302765219897
29.671401745792437
29.705077288844343
29.794654442901972
29.66318298832603
29.921380830239602
29.733398472338
29.876522230245996
29.597978118827015
29.777555841554566
29.759323081572365
29.782567116641847
29.791494669841946
29.600559825235486
29.318584507939725
29.60932414933753
29.269215331435536
29.602541774421265
29.19245400671525
29.49658885365627
29.671315208592496
29.63231332433752
29.604819154658994
29.26475432452114
29.390814669106216
29.445926139931395
29.671533311575654
29.36282368320762
29.476131359751996
29.714667389862072
29.528242963692723
29.597694048329966
29.696680612009338
29.646250426958225
29.580402515552688
29.518451831870323
29.25160463168164
29.23047000244005
29.625239006719028
29.391196254826934
29.536053744470134
29.58185662317088
29.601294716795255
29.63096538763447
29.411824815467117
29.61676407638378
29.65697446444992
29.804156265625338
29.548728531862128
29.629634372873912
29.606712502851654
29.423230509408047
29.714351382573806
29.41784470067542
29.258333654569434
29.769670027585807
29.771133414429684
29.660482926104226
29.77902416696756
29.718171239407745
29.34904893992624
29.56886026782508
29.739949613913197
29.754742287947636
29.471759960418716
29.543284215054666
29.55165153477449
29.686265648437683
29.611804025249363
29.44722954481178
29.683797401029512
29.44494471318181
29.608792341880484
29.482261477071063
29.727472009631352
29.61853259486963
29.714121940171044
29.67785542399544
29.581489514649313
29.464186661613894
29.542998107766447
29.661720563990908
29.599651111908962
29.847407919033795
29.517540084597908
29.739601832243466
29.596551401334118
29.468401587722518
29.36396666585771
29.36471339764098
29.503791318194132
29.39701506942627
29.437468687452384
29.707268285617385
29.813442413020223
29.58712218799255
29.377788455685838
29.190762824879
29.201542405969462
29.31513200887581
29.629330759359497
29.742116386200426
29.314873490425544
29.5602396686602
29.775489335554237
29.700209858782934
29.60451981821565
29.645501397753858
29.590337712476643
29.75521478953245
29.580063950965524
29.41596912977255
29.540408609168484
29.677144004595526
29.69270700921482
29.68115879862871
29.56644618566868
29.666022663580236
29.46290669805564
29.482774660523134
29.391639292213
29.505666496686082
29.50013223624142
29.660066816550273
29.640461292936084
29.63457809649569
29.759181520720272
29.74756611087922
29.40732589325309
29.613363209674286
29.64063366350986
29.626930369925585
29.462453804909906
29.619066213428905
29.646415703882678
29.754946068871593
29.169291855018866
29.168694980402673
29.513769239545105
29.328798818041403
29.20953386198315
29.580450924616557
29.619688229627354
29.564307040156578
29.473748233784775
29.74710893573396
29.5804967551121
29.550408341363124
29.647674417808027
29.589721450737553
29.365973199602966
29.811993199353548
29.341814743178343
29.683205671372296
29.654426886805645
29.763106243054747
29.885807353080654
29.88915730671678
29.63792230158361
29.561717459165592
29.436445046985146
29.515175145783516
29.438401457140284
29.42420022316311
29.79828419255696
29.630985747055597
29.705591303976824
29.6773493901815
29.73398933670053
29.691311690359534
29.607230073334662
29.715286763814778
29.59348365285453
29.645874978293126
29.642879200177724
29.561134794337523
29.560229850678944
29.680087318762304
29.591706152736467
29.509101082946067
29.595169473396048
29.69505676622507
29.665312553340325
29.48947860810096
29.355339147730508
29.41111417970814
29.416463139282303
29.397123946763976
29.302712716181755
29.36796522328452
29.415243266221065
29.48549554682051
29.58394074799793
29.560376593057892
29.609262968440625
29.51156550211245
29.654228293745433
29.450423138961686
29.323557623639754
29.547528711246276
29.26119392573517
29.47730621872018
29.57432337567879
29.50135796852898
29.499132648648175
29.574757842753243
29.604257951566332
29.274968709054036
29.07360799327366
29.48519292198843
29.34665257527761
29.57203415233968
29.515981661704256
29.35336288908762
29.468297987695752
29.585974129034508
29.56908148980223
29.45692111292092
29.74296696896097
29.41922906125947
29.527063592571288
29.250632796851086
29.372180035489894
29.671777822506016
29.447067593693014
29.478888248283937
29.654167463318405
29.74151342754788
29.644818702606315
29.506272773121427
29.459145446865097
29.487733301775776
29.403608238303967
29.159013818735925
29.49938724456789
29.08793832330318
28.910056724304763
29.456360219411234
29.463746506363062
29.449331325052857
29.600013021536803
29.74698326553652
29.3442321486829
29.292166954819525
29.359332900460114
29.2750926157731
29.407414703028042
29.250741673253035
29.095960011332135
29.256293972613527
29.340892058665307
29.629902215504945
29.62236070675435
29.717022167600117
29.61560851836107
29.488746029642304
29.309239946605572
29.35172557681328
29.396663268864078
29.169441915551296
29.07641601067216
29.25572492400015
29.386652730967985
29.619566948803524
29.594499096649105
29.410216609865437
29.227963668132993
29.026515363201145
29.36896366188761
29.340038232093416
29.156337839846508
29.440220506738232
29.03401245375416
29.335042248239596
29.39537644825182
29.69383348158857
29.608776999648626
29.36526832039684
