29.40068316390967
29.617482226585704
29.759899519424742
29.44169800699716
29.427855400708307
29.114889231307128
28.503907929791445
29.153350451708963
29.211779441426536
29.512013928901595
29.35309695945739
29.250964697114274
29.28099969643686
29.353079676403894
29.445883947903045
29.293814597482292
29.175565883016144
29.33731349955214
29.529714308496942
29.24900176640656
29.43315951392442
29.354585696075475
29.454351642749845
29.470672372919502
29.664139147527155
29.621641218867506
29.4397017033872
29.545602063490527
29.46348111062271
29.517378806757822
29.369926732189263
29.465349052095835
29.53704047019477
29.684132975598462
29.322132381602955
29.408576251550308
29.53859906482889
29.42244162518184
29.52832097078333
29.548969436704194
29.34237385284019
29.448728077354527
29.383569728251256
29.518225927175028
29.31291865544438
29.54584425342722
29.4315750324344
29.669313484978655
29.369978824987903
29.407108261987833
29.31027051244298
29.38344321279501
29.247835707432316
29.481272236945205
29.03689385593379
29.409751324716993
29.49133250911695
29.799402469809472
29.53511775537068
29.307899850767047
29.21723647835064
29.100897662551674
29.202844463391646
29.35019580727653
29.514518577036576
29.589124860476034
29.711767471338163
29.354385600251646
29.4353706810061
29.432332353611628
29.336624460216953
29.432426710771463
29.488986377423252
29.64092954853565
29.548618993909773
29.693627801585457
29.664939944245855
29.5574013335221
29.3644006649396
29.4507247264801
29.391318142361353
29.72671465128627
29.333132377822242
29.45060776218213
29.612933218100807
29.612467579902816
29.49374412040423
29.603566724953414
29.526396047966035
29.614046060245435
29.613808267064044
29.54621234521599
29.478565003293348
29.60183258700744
29.489124550612985
29.738176603320856
29.52464571502986
29.425728614374126
29.49519460050172
29.376655505213943
29.590349463190307
29.65163161889122
29.447525495746543
29.503819693017864
29.415452584058116
29.48449574567947
29.649315442773947
29.454383557721012
29.356076727362616
29.40284479574063
29.66769090825673
29.52855447013918
29.65461395200105
29.520818957450526
29.638834063863488
29.671519375968707
29.46860628041484
29.47676837721747
29.310911288207787
29.56487075388648
29.297400721820672
29.29786405919274
29.33059607469384
29.511314482639857
29.5738253918449
29.502459755792675
29.48839233276237
29.45920948373776
29.3196606726063
29.379961328725805
29.396129022022652
29.3604882151078
29.227799937419668
29.154417974508902
29.42400583939621
29.457474199310045
29.608062008931338
29.454579523788382
29.440024685816873
29.460076879336757
29.33438394395063
29.64704944721418
29.284644625911422
29.186853455429496
29.510090274839484
29.74738397866193
29.51159601147843
29.496928820294713
29.497441457107545
29.47129203682651
29.517679386555578
29.54432822132672
29.800973221248327
29.532331610923645
29.43495951544073
29.564902635370277
29.75412517646505
29.5986486545556
29.748211760931518
29.741855539927545
29.57221046211171
29.741099621863437
29.748989473530216
29.739074770322407
29.627361028207538
29.768997725827727
29.7203032513056
29.7717237342306
29.585100447712794
29.666961033898158
29.278255963205797
29.41318177213172
29.549922764701567
29.678573862221334
29.376226574712035
29.730724861469458
29.636088287239883
29.859773543204888
29.591360719520914
29.519802215943194
29.56664909899987
29.683662530826048
29.59200749638583
29.602130639665795
29.586899173377507
29.576347757798096
29.556512489535827
29.627326913457697
29.79294864971955
29.628837442704157
29.689248833894233
29.530560239279176
29.607927802842905
29.380048362602498
29.3978886087118
29.486463879665244
29.617616714396664
29.36153863944004
29.300259193914517
29.311259261380968
29.407062526391655
29.69279038686555
29.609575962495757
29.562122938545922
29.324156018508063
29.68973056830719
29.833829430464892
29.52887844293899
29.418718413296663
29.59868537942
29.520342324962165
29.624604551502433
29.46891649154265
29.529359115961224
29.496891622741305
29.345351743793586
30.564376835457736
30.266151953128173
29.615768379015925
29.359578142132204
29.093808266216453
29.318796877058496
28.719794213200082
28.57394806367918
28.480548787087045
28.398434313629952
28.224831733042095
28.38635718678691
28.627572473995908
28.87358994004493
29.15503441463402
29.44051439706991
29.93192614711619
30.04022528683031
30.23421944781612
30.699158600589502
30.798512701128086
30.92124953460758
30.84536347660464
29.542591796993893
29.38790963500324
29.31735556199164
29.46253932720546
29.723239115277142
29.658447656130974
29.47551254192961
29.556440711655846
29.62124087147788
29.59384298635695
29.616621783394447
29.797451002133375
29.56080243066335
29.497932835629285
29.752421145503764
29.64778568095257
29.3603941824138
29.74827385650775
29.56546488418408
29.765969566736523
29.79075358602135
29.753772743934633
29.713462267216936
29.65138248133154
29.46720509104328
29.205364875336752
29.412779168122114
29.463297145368198
29.565032885331156
29.684030538379712
29.538604899462513
29.546365364732353
29.54651366696898
29.618707245056193
29.552475207118036
29.341137927683288
29.18582458997313
29.35213601173572
29.59320020775073
29.270701291361075
29.46317435721891
29.81471745994685
29.697484611653316
29.76590186874256
29.689243858158648
29.700314190883077
29.615530929507734
29.57829941496949
29.875843940621117
29.711694548676256
29.581097595241204
29.480082022420127
29.81090514491989
29.593319800618435
29.793712109079635
29.811371041465627
29.937851648108623
29.736705640552096
29.584863121702146
29.64799703444501
29.689092805772766
29.791026878545996
29.71495258564322
29.990358200062545
29.833561500528212
29.993169625623068
29.682663168434807
29.84700063499313
29.80739726386099
29.800221220728208
29.823999434488417
29.64273239187199
29.41021852545628
29.679602370967036
29.369242203011666
29.70835463296114
29.345800311080794
29.637072070103127
29.795592353514014
29.74672074705346
29.711463068396128
29.364370838056054
29.495467154702116
29.52957586570298
29.71948618462611
29.468686567738505
29.576139359352425
29.828603111112646
29.673884048758058
29.750426505765518
29.83869257739703
29.77672544922051
29.68705605145385
29.609386420094744
29.345272759713044
29.32556100703302
29.648060539853116
29.429603599022325
29.59003891772047
29.64448472259113
29.694211671932226
29.703572122618596
29.496538524309365
29.69342746576264
29.71738178474774
29.83609496172092
29.59871337047618
29.656082193919783
29.657657747162116
29.495214786130063
29.792524226116967
29.525758485987012
29.39436302869185
29.853277320293387
29.844051589206984
29.755259611169514
29.844204631706514
29.76344581820327
29.373514437659296
29.57005268167721
29.876351119665408
29.921295438416813
29.626154130367134
29.73610756398969
29.792281604531553
29.901976691551933
29.877606786190498
29.66131933137639
29.80467456638045
29.56066510028395
29.72197197719797
29.613771833251043
29.87235340376849
29.80298847827999
29.902368931042655
29.916902700794516
29.863618689379635
29.64092382261204
29.680681640062865
29.815459472743775
29.743562141732017
29.979941475409
29.65282155506109
29.874092497008547
29.724337971034526
29.577934809660857
29.472292570774172
29.504413078254508
29.693540195910746
29.572589115614722
29.62479330961678
29.869553027882862
29.98202839353623
29.750192447117687
29.53943986390783
29.34585411575762
29.360439560924654
29.45768581268599
29.789005171727744
29.86081625369848
29.49856271909648
29.758566265246987
29.948263116123737
29.888339280649525
29.779505091022145
29.804386372470436
29.73721607081534
29.889312104083068
29.64425084582618
29.448924087131317
29.60178181240942
29.77447015003677
29.825243221373004
29.833120754804085
29.71719031557021
29.815646258361326
29.596511528148405
29.59641623926323
29.477247693346172
29.5781009568139
29.55756408994794
29.717446850610195
29.74281198769819
29.774946782045443
29.915801886211977
29.896639637271306
29.56811303882855
29.787027380388523
29.78911731589193
29.747815854046543
29.541541969775963
29.679703740033393
29.84082406349816
29.934591696145134
29.383262139805222
29.426867797597527
29.803326676287725
29.647474986442056
29.54658107326669
29.877686601271964
29.800328126990518
29.731578189267434
29.628644682403422
29.906806884962958
29.7678136995179
29.767792654121436
29.941425807447853
30.068895320943266
29.647010889290488
30.05837701060871
29.508728075212645
29.8533886370014
29.841884363498995
29.955322750191034
30.054999810488763
30.06550287483918
29.825426188990484
29.705144142512722
29.592683342472093
29.645477684632723
29.57933997814028
29.525879543409484
29.88067081476868
29.80110947662524
29.909604949486276
29.893348361746884
29.9359279634508
29.85322960139401
29.764972295684732
29.811765160992202
29.68310330853224
29.73351426088702
29.76166857068392
29.736755582962587
29.75863915918501
29.899487589620243
29.815885633529465
29.723523962677273
29.78559077480335
29.870439839338765
29.802188768454975
29.577416552462783
29.46545131157603
29.57075810124302
29.61996449028781
29.600092441395084
29.52262089665833
29.579951367357893
29.621696856990322
29.676611519028164
29.755820290500665
29.708633509203928
29.728893480965706
29.610893978822208
29.762988963762812
29.600731759679853
29.525335907816253
29.727498442161497
29.49259119765608
29.711956074732516
29.803011694372746
29.697698134308386
29.65412371801398
29.704190163240348
29.77353277367331
29.460800322877766
29.304264324633714
29.705002180671833
29.60700619248489
29.82021094048384
29.82284399265099
29.631080699260888
29.740662870728737
29.773169116649076
29.73142407591383
29.61549595321183
29.925471260037483
29.626966724871718
29.821459178466323
29.587505202073213
29.647289298966967
29.819846783752066
29.62636997725274
29.690541150058824
29.874570102524086
29.946042382595138
29.839670728325242
29.704416176016316
29.607734044429563
29.62885642919334
29.572928900514547
29.405768885042338
29.791935218500367
29.36608987145504
29.202436347561118
29.731534992261462
29.712325354386024
29.65664058390879
29.779285250467325
29.906907666408706
29.490019681462567
29.46402210797084
29.577459854178738
29.538484953982223
29.640783802483398
29.561266005483972
29.422489766509756
29.566595089777433
29.607401514829565
29.85303135567754
29.798611754487265
29.86731668069295
29.755431463092297
29.64400330757005
29.457323068745954
29.508451249516728
29.564851821400804
29.409277799837138
29.354693968665014
29.492702641692897
29.619758185314186
29.815709068430255
29.75553362657203
29.554677679568652
29.361359640426176
29.21168719861979
29.616280448778575
29.502888220739365
29.3724624934955
29.63427537992755
29.301075508407706
29.618774405105373
29.65884938006537
29.90179070002367
29.786064370284574
29.521695039765426
