7.516537497419275
8.221987780977157
7.491737106607422
7.609755150690239
7.357196152986397
7.754068910570582
7.665201437403798
7.705807424528806
7.674217860327063
7.830421297117842
7.287532602389689
7.100662719822979
8.264354806184889
7.717678931903894
7.35879564677302
7.794510105142659
7.751610104475869
7.536349811528914
7.74904818945626
7.883005478048816
7.688949997357979
7.601313766667981
7.540042765326675
8.041913729224149
7.593799483012029
7.854273161291899
7.509093560808262
7.771954636584296
8.046561605759544
7.755999588588503
7.556501484148701
7.791904513190388
7.643264627166517
7.751706143953885
7.731570346817079
7.814447145363155
7.60528691503747
7.621188690112855
7.392661989792912
7.988850200180841
7.569627122035984
7.617704528422422
8.250189216993686
7.5980636695256685
7.961610164889693
7.612715784808138
7.829742198712565
7.562765913486947
7.733109923765859
7.591340037227277
7.41204429193066
7.731617455702548
7.927561812227862
7.687506194739613
7.42501779532634
7.636051814375612
7.894467849704893
7.7545252308765855
7.660022122762189
7.758340513815704
7.797580655828098
7.577183342172974
7.563123243201544
7.329934882225927
7.665090389325533
7.833473914022161
7.975333528707142
7.778505369861886
7.741119807247574
7.5144125651451725
7.790181713234479
7.713473798062107
7.736757705554867
7.539862694368976
7.4944661320321355
8.485549822912882
7.137503821630597
8.017219495125909
7.700907886749955
7.515856408650516
7.915436064469311
7.582372330597736
7.7805056070218415
7.849210866847336
7.749996362401263
7.74564751998897
7.595431004755399
7.583433781561162
7.52621949452081
7.518196214113897
8.311168376004195
7.490876435520299
8.01705599337287
7.694107508745781
7.83307869729131
7.7099598821195725
7.81117992763124
7.6977712078206775
7.5109498653204785
7.677058572616415
7.848855927255585
8.182807025095155
7.380039192975914
7.636282163181502
7.691676618632142
7.834660800373189
7.665719556881502
7.712903269706619
7.603223195168469
7.704694942687683
7.88519198552937
7.6888859263165665
7.829548259721222
7.685929789465128
7.7062830120060255
7.896768479163314
7.528318252621575
7.788281812764879
7.634661470710934
7.658887022251767
7.779078700269544
7.53130155288977
7.795337029305284
7.611595158919683
7.809448408039113
7.621081119551502
7.658217565805033
8.160351029246801
7.428619962532211
7.675891550719264
7.496714696483184
7.850027525074139
7.670302992124739
7.791242486509608
7.415332239692871
7.61611821565104
8.049265566843427
7.580226677007427
7.546760039996943
7.968519301014295
7.765400878662509
7.572467746349991
7.463668418073302
7.880333897048527
7.6774933459204595
7.823227464849308
7.645833875500559
7.716699829079179
7.737343789717915
7.859696634328547
7.295066249554514
8.0657233508449
7.647597940287378
7.709629897972333
7.8151325591779095
7.7116296923650625
7.843967949539669
7.757287674787551
7.656397876957517
7.59675689973092
7.739763928587731
8.019229682554078
7.95555403403461
7.607559376373858
7.563124672043353
8.153695988072219
7.833870344421993
7.532891320346352
7.715713106460114
7.64753540369993
7.757623225348301
7.85755448475367
7.579095061132136
7.730487978472997
7.76305546346306
7.708813521405361
7.774852136728754
7.634763446421529
7.811579047489885
7.729720781827329
7.9586371325636955
7.829043595111434
7.638411138229178
7.8787705514437105
7.4812553767749925
7.817040937536252
7.891669385033779
7.756800626998742
7.516135741773237
7.8584831878023085
7.700013993571471
7.8368670048689975
7.586998014339541
7.458265585325305
7.716087835951468
7.5998573926003035
7.849680615376658
7.5926175013237875
8.02495011244961
7.396840761504023
7.6035611505304646
7.748677031870547
7.86880207979831
7.693607775794032
7.793127899699396
7.806740367859446
7.826274966194481
7.589550725104161
7.509444507901734
7.9019833905326164
7.804397170202941
7.724129212667165
7.730753584363898
7.854977585609946
7.607435048739819
7.881910769502874
7.892574443076412
7.54993359966645
7.7079078362124225
7.653147235319278
7.345837558736688
8.560211923824355
7.587695324811872
7.924504762540759
7.760200342786344
7.6357147955335956
7.428177616685842
7.760807267413975
7.8608163553239505
7.598131262769556
7.723974427804736
7.473926724644597
7.881646477921081
7.660476767261076
7.88864808103376
7.6658644318307845
7.593921936759999
7.788535945833616
7.9139220670407315
7.4135072990094795
7.707474499713406
7.476010235356707
7.759670393794352
7.887473841710469
7.842496485725021
7.57073656065513
7.805104661122829
7.706058504263825
7.763365563020686
7.658660154260222
7.779492704497953
7.639216980279768
7.887780794691119
7.679007946516067
7.575839969232479
8.20931722506446
7.852555482195616
7.600524453685866
7.762112644328953
7.587910743605256
7.760538267352583
7.91714772232924
7.822958628440793
7.533105340321602
7.660898413271444
7.9599832719327015
7.566230153996524
7.864791813682442
7.658828125446367
7.590471044614025
7.6211866722777675
7.914475111604187
7.756712399382941
7.543036754110339
7.744658436081803
7.827235950666706
7.480925972363914
8.071614622290307
7.376576134674179
7.961460252081474
7.854739875653935
7.876826552892213
7.7486195957188375
7.57650914246027
7.64472063971503
7.91377237184034
7.650606016427878
7.955022085909771
7.640969888224851
7.5773003155710335
7.888675307270127
7.592838554482216
7.890786095388228
7.609383734854919
7.590656822310258
7.972264860199184
7.785331776776152
7.82303311513962
8.10979689598135
7.372811847229241
7.90992411246613
7.8892628264439315
7.619240122678013
7.59186849894023
8.238329425783467
7.324973450076381
8.250395333475423
7.722537412988753
7.7843166334748775
7.785738355124436
7.686241624795878
7.620278524784851
7.859425989591706
7.898882206362499
7.627688373224524
7.650004623822518
7.738696699309285
7.456422803277333
7.504594393477995
8.538339721217932
7.7483223049742085
7.983506757408659
7.5396035195673035
8.0236377511213
7.471178260838175
7.852006233370509
7.782168321380289
7.812319646710107
7.726972861954971
7.63398887720594
8.031126044469003
7.441795442645452
7.6904072394231235
7.853361513666533
7.743065399319653
7.972774517791224
7.548823573296213
7.603562358373925
7.777671491528189
7.911523497026536
7.571127057576383
7.854846240759284
7.665684945497161
7.562109588543308
8.193859007240981
7.7489428469020805
7.707877347382819
7.877699806330476
7.789739805106515
7.619079991454529
7.782447087160157
7.574602401543235
8.337849836385569
7.811534525959104
7.528359881623826
7.743739879767098
7.887669978323595
7.724122700726013
8.118212154692268
7.893332885819692
7.639060577333686
7.841338913064005
7.545922406289704
7.785749236296448
7.791220645745905
7.975496234343884
7.736523594825324
7.659274219159256
7.840325826577842
7.899967111546952
7.558919490408031
7.9013037015920435
8.031361239225152
7.548804866905254
7.7802571747014575
7.518755717483815
8.018767344367989
7.830048683417355
7.9099561569621875
7.750032041413321
7.714811935578381
7.64069521630656
7.8564266197363555
7.61152438951083
7.889160527910005
7.922212318864592
7.265194620152433
7.777319738486925
7.934262488908567
7.6858910723043
7.870266518283635
7.793476161345629
7.7404987456936984
7.724359137251262
7.636408759862504
7.535313433892413
7.79030102871089
7.840686711564297
7.824269420956686
7.889644894152521
7.909894698169144
7.836278706977847
7.637222917289016
7.596714393143261
7.998547110105069
7.82737494489814
7.626789729462091
7.6596995689618534
7.695612328110392
7.60123550467821
7.831979513926108
8.006179563839607
7.776165161628724
7.728551711933867
7.596606742624695
7.719080204217805
7.595763554821185
7.86975883973313
7.9753557394548
7.654642081309634
7.825799050017786
7.55410169826206
7.765329733363985
7.535310520913463
8.388613001487993
7.71989157209559
7.523726294710605
7.820013940613456
7.777133298936576
7.953925376109148
7.71494264307098
7.557195083523683
7.908640360703731
7.7251509767080115
7.878801720171431
7.784114542643034
7.448592943173756
7.597592087985794
7.840546524245451
8.067668115092774
7.935739604962786
7.655161774975628
7.344933409818718
7.797103259167803
8.10392375398346
7.993506721900521
7.832440877743005
7.58787421956961
7.748041520049188
7.926946454991526
7.977376775574317
8.040921618232982
7.772445513879325
7.702777310418889
7.808536303225533
7.630539174582744
7.627218560670852
7.8578441441016444
7.732740882206503
7.927585401320514
7.827325700677244
7.528611323275036
7.9501544980559515
8.032930162654841
7.5346883709904935
7.84660815716316
7.939344031739552
7.7186618205199435
7.682711267294548
7.880115026976687
7.617707554864596
7.908445549446638
7.97157844424592
7.466128473204949
7.839289072929083
8.089781408074844
7.614377414445241
7.739105118048208
7.732022262757174
7.802407163562786
7.739201957102739
7.703342287159216
7.641667848876745
7.823358158554753
7.954117750064389
7.499603527250001
7.689124153126917
7.914503921205508
7.633077758567203
7.4648950536988
7.8960969740243785
7.9593637398479276
7.703788179934367
7.995378668618097
7.395200474629179
7.870654888191132
7.5965733012442325
8.01680928234288
7.811039760136624
7.692054378715426
7.652862299007204
7.742855157005021
7.580770389770753
7.871546846957306
7.669328481550853
7.706595671447668
7.6478822268384095
7.871164529743574
7.87879894300847
7.739628931588758
7.580509095155299
7.758803668935095
7.628805482116424
8.251960350506245
7.8317617303096325
7.3773776691892525
7.916365171766272
7.722273981807515
7.786005288365453
7.598925644144977
7.958318371033781
8.184599765407858
7.649743227024127
7.348255772983795
7.897326129779833
7.947041017935658
7.538101836315322
7.4770563289000975
7.987411905423801
7.326694519593949
8.294400359071362
7.81835108284543
7.866868405712012
7.631505270646249
7.706869440702504
7.646492761554338
7.536102088659118
7.617112241183192
7.97189970064166
7.621355416138304
7.851775037411536
7.359103743607796
8.094104482846417
7.66358309827203
8.116937783047904
7.659462376488928
7.710078964214442
7.558214129733624
7.980601775064045
7.728532322225828
7.518260441049368
7.743645962653141
7.798097658754516
7.882252965927662
7.59917543669885
8.300034758426968
7.544737060185253
7.5926337823185515
7.481994753585971
7.869824037288219
7.422995254748146
7.670483757604568
7.674124630840549
7.903185164462806
7.796499037369768
7.869566442355463
7.637528759288065
7.614208655391261
7.974792522815376
8.101553465303713
7.371225219936174
7.570991996424055
7.661585707676725
7.995831220092718
