00605-24	1494.2030530724687	748.1299472656432	1301.098081867298
00657-09	1477.5102429959193	785.4542859658904	1324.543268478216
00657-02	1468.6755885930586	801.2613986682643	1367.8061350281532
00655-04	1473.883772441983	788.8487630863314	1227.3162142689057
00706-23	1419.9004278768443	877.0704526302235	1231.3946898581214
00553-12	1527.8305059419188	671.9102199362125	1177.7709857621198
00758-11	1398.3628445301742	911.9398614771595	1246.5786156734102
00452-24	1577.4913981017432	558.7107587692255	1301.4305228287822
00706-20	1412.2740157848493	888.8274983907986	1213.5104319357604
00706-00	1442.3735738258715	874.1844560627775	1205.738903613304
00606-17	1485.9051880331976	764.4095799901557	1324.4429830913277
00656-05	1477.445661416348	785.614442845557	1287.7791858577034
00605-00	1513.6093487843978	748.3704430466189	1272.1474004238999
00657-14	1458.9582248318075	813.0441481990134	1311.0096381595015
00707-09	1440.707884761883	842.4029677700918	1257.5966536531862
00606-19	1485.760284138447	768.8695259233587	1338.8716639342188
00605-15	1491.1671165767161	754.6437884201684	1246.6673905468203
00809-11	1362.352689462731	969.9719611154537	1246.7328837951814
00757-11	1398.789807052067	911.9427775201664	1180.500635697678
00555-03	1530.3611044224133	665.3026210497951	1364.9669240843223
00655-20	1449.088557297925	831.7071590737509	1214.4450908989952
00758-15	1383.6279919693047	937.5220145514284	1246.9595241465406
00809-16	1342.787452420776	999.3235384558959	1251.9748840234906
00553-05	1534.2162121075523	654.964584374058	1221.08357719597
00759-20	1375.8081153518362	948.4398648538406	1346.794632355697
00758-22	1380.13907070163	942.2663567746002	1293.4208348859697
00707-12	1430.7181399533733	857.8834143886538	1244.2621116413177
00605-05	1507.1959227036887	717.3263121917885	1287.5672498285508
00453-04	1587.8091009703096	532.4476805030432	1360.1597490536174
00759-09	1403.8387383879854	902.361154390185	1324.4789880279206
00657-05	1478.44649717239	786.1292000273447	1354.2720373366196
00502-03	1558.392546429669	600.470229559881	1231.322615302753
00451-20	1569.2347847794035	578.5998801395506	1213.699634472928
00708-01	1427.975538365841	864.9114312279893	1368.4726492001114
00809-23	1346.512806265218	994.3551668314212	1298.325617239994
00451-00	1596.7765430562583	559.7793090142293	1206.8274534686761
00808-13	1354.7409602034181	982.2133051223628	1176.1168635775955
00555-09	1533.3952603213907	654.8462792031693	1324.7772388566307
00606-12	1499.2719628034981	734.1496718695653	1310.6324806939379
00553-06	1536.097538363155	652.6791878324665	1213.9507579140645
00759-07	1406.2635156518272	899.3194545823899	1339.2152886051485
00503-15	1546.306647651885	627.9299287066615	1246.7012401373665
00451-18	1569.0259301516176	578.5715490351001	1198.5882579012427
00757-15	1382.6077425066064	936.1130460773181	1180.3799724121288
00656-13	1463.032003958892	806.4131809005902	1243.598242121802
00555-21	1514.0269247196927	702.1211131991085	1354.2131645530774
00810-04	1366.4201594936703	964.7155998166777	1359.8491770249566
00656-04	1474.4496747357173	789.0086017272724	1294.2897071215386
00555-01	1524.2436665167895	678.3511926663101	1369.094500326656
00707-19	1412.1944448950348	890.1363954197145	1272.5483222970297
00810-23	1347.669436163166	994.8984449419659	1364.7375375696845
00555-12	1526.9713346511528	671.6005694925259	1310.8308808830386
00606-06	1508.9190259625848	715.0984399029959	1346.5774370771853
00656-07	1478.7562680308608	781.2869562042257	1273.4049396655114
00706-09	1441.7601543903668	843.3200973904078	1190.7246653393368
00808-15	1346.425955844935	993.9231798906919	1180.132166885603
00657-07	1479.748282263994	782.4254604901682	1339.327081019196
00606-05	1508.8718212630222	718.3347621381133	1353.4356226315147
00706-19	1412.2425301316425	889.8831484631803	1205.567240317958
00757-03	1398.4079865347767	911.5790738677886	1231.437847299578
00758-02	1395.023173606015	917.7993252663268	1301.0014052281263
00452-11	1585.9802699343709	538.6272732050405	1246.912839211256
00502-04	1559.9001609405957	594.5827740554382	1226.9440214712768
00451-10	1586.9152740114348	532.7387698850033	1185.2732241615095
00604-17	1486.4735554994768	764.400799330597	1190.8169291898632
00706-17	1414.20207153851	886.4942216841713	1190.9775360020199
00808-01	1355.148012478614	982.2902847188802	1235.4607765802382
00655-18	1449.5531184250085	832.0827196670772	1198.6038528127838
00554-00	1541.258573408815	685.9209218959135	1272.4616647185946
00452-17	1569.2660985408802	575.0572121392825	1257.9659581891738
00706-15	1420.3864836744451	877.6765097991477	1180.038723578675
00604-02	1500.6040773601578	734.1661891255098	1234.3194076695206
00708-16	1416.0024566166371	882.5345263274647	1318.0326852792014
00452-09	1590.8485476683509	528.674847776321	1257.411614875349
00554-19	1511.791215950347	705.2809595096151	1273.1136643784803
00451-07	1589.9275646818799	525.5494499908284	1206.3883675197985
00453-23	1574.1590163610067	565.228853061764	1364.614829218834
00451-13	1579.6051142688025	551.491287539022	1176.8925901373627
00809-19	1338.27949774396	1006.270327561891	1272.6993817539599
00708-04	1438.5521719240369	847.0845255510725	1359.895382863541
00810-03	1363.341772536488	970.0845730092262	1364.5169901418515
00758-18	1376.0459885953792	948.8380109637252	1264.8261690730158
00605-12	1500.5836525404677	734.2615387175446	1243.726974903582
00758-08	1404.9056488159033	899.5301298470686	1264.7125088690325
00554-13	1524.1703735317083	678.4945635928705	1243.431626656897
00656-06	1478.6963323889936	782.6448582963193	1280.894394976135
00503-14	1549.2810642019317	621.3671839968987	1243.9520240840125
00553-11	1531.3723278715447	665.6790144806731	1180.8535513332743
00809-17	1341.176998328154	1003.6650588829021	1257.627947380289
00502-16	1544.217270264593	633.4688442258241	1184.7466145612423
00453-21	1570.2180430618434	575.3336566129908	1353.928374394291
00606-11	1503.097179666518	727.9709589192805	1313.3108581615231
00503-20	1541.0507418515815	640.5041445638074	1280.2541113511338
00655-02	1467.1863355113535	800.2694244924166	1235.2307174203004
00453-01	1580.9982540227386	551.9496142414829	1368.5877209417145
00706-16	1416.8867246041598	882.9026557655723	1184.948994228449
00555-16	1515.9964400382373	698.130292995387	1318.5879486469494
00758-23	1383.1491178997815	936.5986365372114	1298.350618380555
00605-14	1494.2681846343892	748.215941238875	1244.0006826509698
00808-23	1347.2453827042195	995.1129414640678	1231.4183745653281
00452-22	1571.1496455817833	570.5199420125347	1293.8261188473123
00810-24	1351.7085107970001	989.0567554082393	1367.4165227759352
00555-18	1512.9423393843513	705.0399020572177	1331.5518706620378
00453-19	1568.232860939282	579.180209790466	1338.780986977941
00759-11	1397.9709863971661	911.4404513925948	1313.5357290996744
00606-23	1492.5519857526785	755.5681703810039	1364.5290144470814
00759-04	1402.0321767122853	906.6998351977827	1360.0318770655613
00757-06	1405.9171363114792	899.9465202934621	1213.4051518498911
00453-07	1591.2420404565064	524.7551480523344	1338.9725773628743
00655-03	1470.548430183883	793.8138574677081	1232.0825463815752
00504-08	1562.9238113693132	587.8201736957651	1331.3576885311402
00502-17	1542.7174686890119	637.7653346113577	1190.794071545861
00759-16	1379.8178706796728	941.8797959329181	1318.398150494835
00656-19	1447.4302237136778	831.7169137904328	1273.1708124266236
00758-16	1380.497660437869	942.7110421125394	1251.5822995968424
00810-13	1354.6128672576804	981.693831372558	1309.869187774014
00758-24	1387.0715304358523	930.8300050778747	1301.2456380488527
00553-03	1530.1944231730624	664.8601194271929	1231.8459423711997
00451-15	1573.8955294598043	565.8673702764545	1180.7215068947469
00810-16	1343.56021018145	999.3316443912831	1318.3296454514764
00554-04	1532.908784329502	659.3991738149846	1293.7288126690282
00452-03	1585.9752776812961	538.0804833383901	1298.119857017926
00810-22	1344.2089838306902	999.844743252595	1360.267690414087
00554-15	1517.500059263903	691.9503839017573	1247.52413413661
00707-07	1443.65995800192	839.9997953136983	1272.37951996115
00759-19	1375.385384737765	949.081215641746	1339.2733509278223
00554-21	1513.490191864153	701.7460369976762	1288.136479707045
00656-21	1450.5563937101674	829.0424214850519	1287.7283842999188
00451-22	1572.9116921522586	571.9067219162994	1227.1766932159576
00706-14	1423.5252735294073	871.0929999536405	1177.1301882083167
00708-24	1423.5383649908802	871.383477680521	1367.5262706753292
00657-23	1456.1534409287365	819.841958218532	1364.750170038955
00604-04	1505.5780621026495	722.1729298885957	1226.500659931565
00604-24	1493.8488211248361	748.1379209923417	1234.452869322664
00707-24	1423.7978366642412	871.2283706134612	1301.2588406303835
00810-06	1370.5433315165803	958.5189702433956	1346.5632045771388
00451-02	1583.745243336266	545.5708533466565	1235.0597443256634
00553-04	1533.0841919474826	659.5649765591827	1227.145716689688
00503-22	1544.04102359504	633.1494250279522	1293.391964981113
00758-06	1404.7612396486827	899.647399244349	1280.127983035189
00757-18	1375.263721557471	948.3586611610688	1198.7755066807006
00757-09	1404.6520336276417	902.4001412102102	1191.402235629749
00502-21	1542.7041145526625	637.7706984522434	1220.3156579346662
00553-18	1512.5949296439162	704.7504015091313	1198.4337939960421
00759-05	1404.8128855948944	902.9391777352125	1353.953606315062
00758-21	1377.3224595830352	946.1807814257866	1287.311250195402
00758-00	1405.3601423779219	933.1944611136475	1271.954972912003
00553-09	1535.271650303901	655.3279296772158	1191.394875571902
00503-18	1540.2323383758392	640.144257897774	1265.0747765054546
00656-02	1467.4473753183072	800.3762972926953	1301.91236975732
00707-16	1416.8030785652693	882.5944395416072	1251.3678668145328
00810-21	1341.0707855706723	1002.8849993331717	1354.4476826597788
00504-11	1557.7198152434394	600.8386505387566	1313.3337070160821
00656-03	1471.232200447056	794.5972860094623	1298.7464947113772
00757-23	1382.9827518913717	936.1495830693858	1232.3430755617499
00502-20	1541.395390549666	640.4055226512426	1213.3756918672639
00708-13	1427.4728757205764	864.898325643969	1309.3966676957282
00706-01	1427.4227260051182	864.6309248094154	1235.4896327624033
00554-24	1521.8717289936908	685.6726623292101	1301.5022531477625
00810-18	1339.8273292615695	1006.1132431114115	1331.532884995967
00708-20	1412.338285457113	889.0713412438351	1346.8445342758707
00606-18	1485.7781536409443	767.8357181028748	1330.9858144965285
00808-09	1369.2210754388275	961.1437046690049	1190.9989424303485
00808-02	1359.2254981059211	976.1201450124533	1234.1695347507398
00451-01	1581.2281865713178	552.6344248057042	1235.8111150288078
00657-10	1475.6164423224884	789.6400631634971	1318.3828298981437
00808-24	1351.525502354959	989.2533366935717	1234.3138862063142
00452-23	1574.5291186507447	565.2874414208495	1298.271223114924
00656-15	1455.0131234922192	818.8383258639885	1247.7548925519463
00604-08	1509.6017104279238	715.4489871805594	1197.8440271356228
00555-02	1527.5932682647185	671.639947670409	1367.8180328067363
00504-23	1547.111529259826	627.9423103295342	1364.4140867903643
00504-09	1562.678951534026	591.3370907574439	1323.8640147667945
00604-01	1497.6367286813497	741.411316030333	1235.3708948203666
00757-19	1375.7557484057936	949.2108689037134	1206.284199925617
00809-07	1370.4452078243828	958.0050226774516	1272.0985476956394
00759-12	1394.465394527403	917.5432395561977	1310.676677060874
00808-21	1341.3860770164613	1003.7616073179308	1221.0684801344707
00655-19	1448.469610987403	832.3731838773879	1206.2815111239886
00708-07	1442.9278111225688	839.6849600114562	1338.7760619804953
00453-11	1586.3848288042136	538.3144202374599	1313.3301559097424
00606-09	1507.6778263340177	718.0409551368892	1324.1721129143507
00759-17	1377.0719448381808	945.7187334937066	1324.7919652824955
00503-24	1550.071292199524	621.2479497938778	1301.0212636653328
00504-12	1554.7310418389907	607.1422653049872	1310.5140320363353
00452-04	1588.2483906332723	532.484402696499	1293.6032650163709
00606-14	1493.6815388952598	748.1593156592477	1310.607907619147
00808-17	1341.1146640878258	1003.5150371650241	1191.101774111187
00656-23	1456.3996618920169	819.8893854457023	1298.393382137167
00655-13	1463.9724805301603	807.0561021034225	1176.8355875388688
00759-18	1376.137674635893	948.6522904617982	1331.4607325451268
00502-07	1564.1974077483835	587.2091483490246	1205.5944178020716
00453-10	1589.2528661170393	532.6408324217585	1317.8641268417964
00604-16	1488.9045109973765	760.409785731131	1184.988758010725
00553-24	1521.292687712291	685.2513667298897	1235.1908046916058
00504-18	1541.0152621068098	640.6367688840521	1331.4625813451262
00708-11	1435.22766911676	852.4223557242149	1313.4353613673318
00657-18	1449.064172311243	831.8192479909849	1331.6669324378213
00809-13	1354.5904310910414	982.0781960699546	1243.2154613990704
00605-09	1507.456877031463	717.5860010824151	1257.7479890660052
00706-24	1423.5839565946671	871.1068820529347	1234.5003629913867
00810-02	1359.9869687734886	976.3088326813644	1367.5839457629627
00809-06	1369.9085384486166	958.5496601470245	1279.861383267655
00555-11	1529.1693553304876	664.5936187653173	1313.8525014328072
00707-00	1443.549917432829	874.507850707403	1272.0608136476308
00809-08	1369.8851709847904	958.3888041383984	1264.313745887423
00758-04	1401.6660335194888	906.636911799769	1293.4164104636063
00809-21	1340.3449126639584	1002.8656597269554	1287.7236367857124
00504-07	1562.9243882790383	586.6778975694178	1338.9731152449394
00504-15	1545.224843994534	627.7325618795588	1313.5940905943821
00555-15	1518.1382179019329	692.5180437429707	1313.570401392594
00757-13	1390.7860168533452	924.3009285476687	1176.5955043503197
00554-23	1518.263232393008	691.8959776088685	1298.771808197254
00708-22	1416.8290654084735	882.956455515677	1359.827127793059
00808-22	1343.807496586682	999.8138008056089	1227.090187604545
00808-20	1340.0560652553866	1006.4913632368289	1213.4923590726435
00553-08	1535.6721294576432	652.4016566113578	1198.9636879423008
00604-00	1513.0488657850901	748.3504388840701	1205.998750588724
00451-24	1578.0727029663967	559.9981065413666	1234.8263596902043
00707-01	1427.7905533675244	864.5988176986048	1302.0844273270793
00707-21	1413.7670603061406	886.0983319998104	1287.5146622960476
00453-00	1596.8821625338937	559.4253427727494	1338.9810245472972
00759-08	1405.3319147700224	899.9282340202557	1331.3822067631938
00707-23	1419.8727723994066	877.3710044191234	1298.0682213237953
00758-19	1375.5269274720101	949.7058843616537	1272.6221628521134
00605-16	1488.2866788402644	760.1025328204151	1251.547031583864
00758-17	1378.0207790126162	946.7502946880901	1257.8067816190223
00553-16	1515.9076450866855	697.8714222797653	1185.2784441365432
00453-16	1572.311470165966	571.2474623372913	1318.2323076049893
00809-18	1338.9157058593655	1005.721085662336	1265.1079925638503
00656-09	1475.5560635584832	783.7546704537862	1258.973049559924
00504-13	1551.3465750915668	614.1982538790704	1309.6470969380946
00605-01	1497.1861164765824	740.8312958185677	1302.051122876283
00503-16	1543.7634460858822	633.5105328185762	1251.660289981196
00504-00	1569.8761665108905	622.3901667689703	1338.1826242914324
00655-23	1456.2946855202408	819.8577478629973	1232.3684773060052
00810-17	1340.9826894148146	1003.1388834059869	1324.6487122719182
00809-20	1338.7055260360344	1005.3514832729443	1280.7175541156632
00655-17	1450.9520128646882	829.3543952246115	1191.6541745282632
00502-06	1563.3359808730968	587.7862813347645	1213.593886167595
00605-02	1500.2411802549068	733.6319422241568	1300.821463787863
00604-12	1501.6932676318368	734.9671488501726	1177.1887951427952
00708-12	1431.4683903210323	858.2419697101731	1310.428916077556
00452-19	1569.4629414852398	579.4001243752862	1272.2468548972713
00810-10	1366.02395165363	964.4344109643794	1317.98129849761
00657-21	1450.4934417686438	829.1818531558712	1354.3851544852487
00554-12	1527.2737303246156	671.4901705854937	1244.5045555214365
00810-00	1369.634453086546	990.4878524465814	1338.7807434231422
00452-01	1580.3699529223068	551.7336080085751	1302.3635134433146
00504-22	1544.6563412485316	633.7218364535681	1360.1123621396687
00707-05	1441.991997003684	843.2422978734213	1286.7728139643734
00657-13	1463.1050385751626	806.6933059615467	1309.8288122057797
00759-22	1379.4125057614754	941.4395862157212	1360.3105593707355
00606-21	1487.250754495224	765.0347914843126	1353.909689799783
00706-08	1442.650766461967	840.5323057427431	1198.0613717302585
00503-17	1541.7778976478637	637.7906274437964	1257.727338405785
00502-15	1546.3453966053617	627.7910976286405	1180.19616348161
00809-10	1365.8179395807197	965.0880757005959	1251.3646077801113
00605-11	1502.733532041858	727.4248011960373	1246.8957498717723
00451-12	1581.9476353437256	544.8690730379831	1177.9494360497524
00810-19	1339.104748043143	1006.3407654934824	1339.1115479682176
00502-09	1562.367934592412	590.6761079953455	1191.0257076581875
00453-22	1571.6230922597317	570.7469930898512	1360.1038392850555
00757-05	1404.5455898546072	902.3312832385631	1220.7314213469574
00555-22	1515.087220202773	697.4620413181904	1360.383069304959
00656-24	1460.2234759680027	813.9681445408165	1301.3799612603786
00809-02	1358.7055775006804	975.6711135290118	1301.0253904908966
00453-03	1585.6770175528486	538.0189010068718	1364.60961930831
00808-19	1339.9018646840088	1007.5394802495391	1205.6304944167537
00452-21	1570.901922716295	575.5056998135876	1287.4242614975178
00606-01	1498.974029265874	742.0550983628258	1368.3546764475284
00604-23	1490.9307311711016	754.504428247043	1231.5161870819884
00555-14	1520.9845440715649	685.8306645943471	1310.701048231454
00502-14	1549.6843685457688	621.5364824358974	1177.0547037022286
00808-03	1363.4096827768346	970.343087364946	1231.0147052695033
00706-02	1431.8881426432154	858.000498105334	1234.4342326500469
00758-05	1404.0968472431343	902.6194858288636	1287.17784753097
00810-08	1369.897712533127	958.2122259358979	1330.9670612465015
00757-22	1380.5600262331054	942.123378597158	1227.467388848136
00554-09	1533.700591592412	654.6529249863094	1258.1579407282682
00502-23	1546.740130763139	627.5163677753619	1231.3353270520577
00503-10	1560.547486995293	595.1452169730073	1251.3748279720332
00708-21	1414.1444670376902	886.6862021230598	1353.9253082422606
00451-05	1590.3435684336387	528.933737736925	1221.1436631608944
00555-08	1534.3208278528089	652.1967291352431	1331.656134816312
00553-17	1514.3136325960645	702.0859991357534	1191.3657170198812
00758-01	1391.599549759698	924.7112257175962	1302.1228548870613
00453-05	1589.4588022373835	528.0952755246719	1353.9360900966233
00504-21	1542.1957022006134	637.599238223056	1353.8173277820845
00502-01	1552.8067828994976	613.9709103130851	1235.2208360761435
00708-17	1413.6952446216494	886.6024014515348	1323.9180331760351
00555-10	1531.8363703451746	658.9870046607058	1318.5350534342751
00706-13	1427.6161901517903	864.9079008921653	1176.0239126932852
00503-04	1561.4200287723384	595.288634551374	1293.1033212265772
00606-03	1503.6775305353906	727.9870078128496	1364.3889252405354
00757-12	1394.8999028059243	917.9920763879953	1177.3332360843394
00655-10	1474.2800255119296	788.5566875120403	1185.8232058453175
00606-20	1486.3321868997007	768.0616316224844	1346.6609041414195
00606-10	1505.3614742192456	722.0221434258582	1318.1026085259034
00503-13	1552.756679095663	614.6640545585961	1242.9245185157044
00504-06	1563.296368479419	587.8631347904586	1346.513894876794
00451-03	1585.3145530955608	538.0378757902263	1232.0878242826186
00808-10	1366.635640690096	964.789590797407	1184.9975742699585
00553-01	1524.6241755548208	678.5387125976043	1235.8372651507004
00555-00	1542.2098448575082	686.7194351162879	1338.8883776873806
00503-08	1564.121556257943	588.23874945683	1264.4824169199164
00605-03	1503.0188820902852	727.4289959338522	1297.8794311663673
00453-12	1583.4363185656814	544.8918376474714	1310.589075127787
00655-22	1452.6541671706027	824.7620870933052	1227.7376941681969
00553-07	1536.9934858555553	651.9821962226991	1206.1097715335184
00808-00	1369.9698455794296	991.5803541615041	1205.8104023383614
00555-07	1535.3855801026432	651.490906251947	1339.5861435456216
00606-07	1509.5330048832448	714.4859635671855	1338.7418664057234
00554-05	1534.8838690725781	654.9809600259032	1287.5441102751467
00708-14	1423.4329936208603	871.6628595753673	1310.3042985105244
00706-10	1438.7230929002276	847.1739396075012	1184.8221301750477
00708-06	1442.8707953993671	840.7422047048758	1346.6912227900618
00554-03	1530.7255002071277	665.2479151706265	1298.3313140527096
00606-16	1488.898607456427	760.3321754165204	1318.102193297855
00708-10	1438.2322955050201	847.0365634535739	1318.0469928714763
00757-07	1406.3115313563821	899.2706406506297	1205.7125190967456
00606-15	1490.5469149370915	754.7594779514403	1313.3904240044128
00757-01	1391.219099047385	923.9026218253464	1235.819248618286
00553-13	1524.8654867236241	678.9228427185515	1176.5734928038387
00605-20	1484.4961430102576	766.6765665015469	1280.5559946536227
00451-04	1588.1593695238912	533.0156954395763	1227.2401525026962
00553-23	1518.9607174444343	692.1610009967562	1232.179596164385
00605-17	1486.0894851775952	763.9314036969911	1257.822759638663
00453-06	1591.6083535746757	525.4724826329566	1346.6585814861892
00452-08	1591.7713959386601	525.7958887878707	1264.6676443492408
00502-10	1560.9702566279714	595.0423958352916	1184.5247370409668
00502-02	1555.8833207751354	606.9221554888381	1234.3063825507095
00554-01	1524.4971816478953	678.3266123323441	1302.593228107026
00453-20	1568.982560127972	578.0032511661946	1346.6737635153831
00606-13	1495.2992172701395	740.5031456679574	1309.9043893804924
00555-06	1534.7653451978263	652.2378977572569	1347.142512204577
00759-00	1405.1518654796057	932.5082597379153	1339.1247344476599
00757-08	1405.911836214892	899.8304308697263	1198.323833852423
00657-16	1451.989206957239	824.3911204045838	1318.7304152242475
00554-07	1536.2557288795977	651.6441187196673	1272.869915317968
00604-18	1485.2868949603385	766.9573762055976	1198.16307563166
00452-06	1591.877077767032	525.608392003574	1279.9422657116932
00808-16	1343.4538560354133	999.2587419863777	1185.0520118040993
00809-01	1354.9312552222145	982.0535804307597	1302.0156985656968
00605-22	1488.8168436048154	760.2215340134434	1293.562527534125
00503-05	1563.4260097993067	590.9027062398828	1287.1093472860227
00707-17	1413.7477360796347	885.9034554657674	1257.7774614854225
00502-13	1553.368304344373	614.7929777066578	1175.9740448153632
00452-14	1578.072363246625	559.6968639425561	1244.0337791259406
00502-18	1540.969519326607	640.2567138840842	1197.7077482819343
00707-03	1435.030160361005	851.8421761764886	1297.8460508918752
00604-05	1507.2098081407962	717.7628811185587	1220.4890010284785
00708-03	1435.141249716993	852.2220791313779	1364.457496160177
00655-24	1460.0911559933636	813.7008994772472	1235.1411323342425
00555-04	1532.1250206758311	659.3101015440394	1360.3851875944042
00553-02	1527.5268214449895	671.4663190161841	1235.0666549006387
00605-19	1484.4958040691547	767.7182681917742	1272.7485861939977
00604-19	1485.3392852334644	768.0479825555346	1205.7790930975411
00555-17	1514.0745332839506	702.2060150228543	1324.6994675094338
00655-21	1450.3573652451792	829.2039976513825	1221.1802826337932
00605-23	1491.7343964169288	754.9191387605917	1298.1211100150435
00503-19	1540.718146775192	641.5018352188293	1272.6037733885935
00604-10	1506.4534879146106	722.7222599731438	1184.4537640340604
00810-05	1368.703607159151	960.4935336765808	1353.6522725390957
00605-18	1485.4403825491856	767.2394542364605	1264.5684717742122
00655-11	1471.2640043418721	794.1491565872608	1181.0323551490508
00553-20	1513.1854356920298	704.9967198241872	1214.2165071129527
00810-14	1349.912530482884	987.5025908337748	1311.0400436737395
00757-21	1377.7166048457157	945.9899511294519	1221.1922582224327
00452-16	1572.5827994480903	571.4392388113481	1251.464748733882
00708-00	1441.440301905715	873.9621977290716	1338.5784092291842
00707-10	1437.992527342084	846.5443823150426	1251.5270023372843
00655-07	1478.260336940019	781.1444446392284	1206.7024030568582
00453-17	1570.361478463623	575.4357548948967	1323.9631526191909
00451-11	1584.3941984443632	538.5374657577952	1180.627706870298
00706-11	1435.6510187120869	852.271962735153	1180.0846152961926
00604-03	1503.2519960116367	727.8732362973467	1231.1159240248767
00656-10	1471.2309293317514	786.4723672964651	1253.5292102215815
00606-04	1506.6944994171843	722.6964199177185	1359.7306209533533
00502-24	1549.229346055142	620.7775329331257	1234.5307230358444
00656-11	1469.9023620655441	793.1156250852647	1247.9974009644484
00759-23	1382.7595967988775	936.3361966778082	1364.9047538992704
00554-14	1521.2711834533238	685.855490860447	1244.3549794528603
00657-22	1453.3046110294895	825.5145721972086	1360.2904687183636
00759-21	1377.1586992490004	945.759768458293	1354.2148354441924
00504-04	1560.473661693179	594.7977108170012	1359.7381109261987
00655-00	1477.4521883160553	815.3071593085409	1206.4401699218345
00503-07	1565.390379382747	587.6864678080029	1271.7196133950197
00808-12	1359.4766433434468	975.7298647251176	1177.4807986132193
00503-21	1542.7653915480041	637.6649363164225	1287.4223772488472
00554-18	1512.826757471801	704.7102659339675	1265.3440039315556
00655-16	1453.3001935354082	825.3354730489709	1185.309067431745
00606-24	1495.4976675142232	749.1177764053018	1367.443653155147
00657-08	1479.360533403701	783.1178791147513	1331.799708994732
00810-01	1355.8113466836337	982.3683287439766	1368.6945804303223
00656-17	1449.2867380657833	827.9096618464112	1258.3575409944822
00809-03	1362.4591663008532	969.9705417209492	1298.1273941178192
00503-02	1556.58287703155	607.3369253476233	1300.7462937038906
00657-20	1447.7401630618922	830.7987450083447	1347.2822133124998
00553-00	1541.5138473230368	686.039661670657	1206.1674355106609
00655-14	1460.0748638169803	814.0618372891108	1177.8235717994394
00810-20	1339.2711809883183	1005.5024021567986	1347.0243032617943
00503-11	1559.0235077173547	601.1891921386177	1246.4851596029719
00606-22	1489.4013450252394	760.7875582146577	1360.038184624548
00503-12	1555.634021147935	607.5389841291012	1243.805797144367
00553-10	1533.3691652623002	659.814547818898	1185.4928589256647
00452-02	1583.6208237073743	544.9043088430822	1301.2960012848087
00656-22	1452.6242336535936	824.5772131393978	1294.113558256251
00707-14	1422.9381049201402	870.8705733593672	1244.2175082062374
00657-01	1464.4300423594227	807.5983137293549	1369.0383554701257
00809-24	1350.6763849270158	988.3675320153973	1301.3589881256394
00504-05	1563.3828114086236	591.0479232809812	1353.677959398497
00759-24	1386.7520453708973	930.595007454486	1367.8345145263672
00808-11	1363.4126687662265	969.9610659708144	1180.310249584644
00555-13	1523.529807069095	678.4553697389896	1310.0689166785821
00452-10	1589.107517185426	532.9667109692458	1251.2623080178507
00808-04	1366.3404369272766	964.7762228380623	1226.7219917612665
00453-15	1574.1281765538988	565.4211078427193	1313.7229946257198
00604-07	1510.1470106161796	714.5838850934346	1205.3599256630325
00706-03	1435.0763090537655	851.6414140301639	1231.119022543967
00503-06	1563.9710320996987	587.8480758354028	1279.8994863639325
00706-22	1416.2616595954814	882.2380910575577	1227.0306490023197
00451-17	1569.9266388393517	575.5547073056338	1191.4964562076234
00555-23	1517.3614403276645	691.57105207669	1365.139224064913
00809-05	1369.0997107541004	961.338322862287	1287.5724809543196
00707-06	1442.7406137106468	840.6362431268481	1280.0773597773937
00604-06	1508.2901190009889	714.6224163488912	1213.9670433283918
00502-19	1540.9306032294098	641.4051655451335	1205.1276196304177
00452-12	1583.7434421651772	545.4612616586442	1243.9010711971812
00504-16	1543.0964737067357	633.2169209539986	1318.1185501609316
00706-06	1441.778954083528	839.7371444671346	1213.4838485091402
00453-02	1584.1669204314812	544.9123974871609	1367.56714329767
00502-11	1558.682502561567	600.8723822962503	1180.223105265474
00757-14	1387.0752954158575	930.4740125107925	1177.5793257398454
00452-13	1581.0286900156375	552.7562224160765	1242.8199076882947
00553-21	1514.474871605219	702.2252625612318	1221.1753222192533
00759-13	1390.866102646714	923.9567746499974	1309.634134725482
00504-02	1555.8014447803155	607.2181848269109	1367.2696273293216
00810-07	1371.27479941155	957.962638316625	1338.3238773814276
00707-18	1412.0254406062218	888.6081906856361	1264.8719116864104
00504-24	1549.2820788683835	621.30448493098	1367.2073536753182
00453-08	1591.3525726858718	525.4771433177758	1331.5161267376604
00504-03	1558.5047048840936	600.7859213136248	1364.3663735179075
00757-17	1377.5067995724787	945.8953312950825	1191.7858447697558
00757-02	1394.7970724873478	917.1867738464815	1234.8568190826397
00707-15	1419.1503785254254	876.7834964868657	1246.8022338066198
00554-20	1512.3854385754305	704.4274652743005	1280.9289079772311
00502-22	1544.2315380822888	633.1968579441904	1226.7683393423135
00502-05	1563.6324812129387	590.7030480067644	1220.2108624824698
00656-14	1458.4960185075258	812.2583897163751	1244.8487754543485
00758-12	1395.1733113082441	918.1688028434478	1243.7962556132163
00758-09	1403.7647956143337	902.1088411684921	1257.7475393660666
00555-20	1513.29589311688	705.2210341418511	1347.1238153657164
00503-00	1568.7180352860191	622.1956481615548	1271.9116560714513
00605-04	1505.742978546432	721.8898397429494	1293.2828938245193
00759-06	1405.8205288420872	900.145621679114	1346.9547781338556
00504-17	1540.7327607012112	637.3425380537351	1324.098992146154
00553-15	1518.3746957733304	692.3487074481577	1180.615433789302
00554-06	1535.8195574896642	652.15610672363	1280.587185936689
00757-20	1376.309454532264	948.7410562638445	1213.9228488662516
00451-21	1570.4123624161725	576.0350514691436	1221.1713627405893
00605-06	1508.6317133368627	714.7769934357243	1280.3763658803034
00657-12	1467.6892959925424	800.5653394344713	1310.7934415475554
00503-03	1558.8414748001915	600.5566487298917	1297.835056357753
00708-09	1440.3826909941417	842.9466180270707	1324.0686575259772
00604-09	1508.5608216641542	718.3654426943782	1190.5246021629239
00656-16	1451.8756782773064	824.0239123026141	1252.0661974875027
00707-04	1438.6347178659807	846.7968287111203	1293.0173057484553
00504-14	1548.7375148798246	621.3521666233356	1310.7596449316522
00606-02	1501.1329429150248	734.5627191508212	1367.1019765065344
00554-16	1515.0065158073942	697.4290527656246	1252.2018601803973
00657-00	1479.8640917666853	817.3904601774476	1338.8903219759034
00759-10	1401.4505289317026	906.3093966195792	1318.3713473044284
00453-09	1590.1318246445878	528.0617932233715	1324.3787998788284
00554-08	1534.9583393203145	651.828471103454	1265.2420194049978
00655-15	1456.2456221080042	819.620827177808	1180.7522041071384
00808-07	1370.810264718126	957.329783136417	1205.9469066307877
00452-20	1569.4592649107824	578.3505235635477	1280.4947432959461
00502-00	1568.638366891981	621.7333023176271	1205.8884237181696
00555-19	1513.2734676306368	706.2370815385839	1339.3525122875776
00453-18	1569.3452437427275	578.3415448960898	1331.0092319437938
00809-15	1346.1497828177626	994.2264698261262	1247.151613916665
00453-14	1577.0850262879758	559.0233277809805	1310.8439023168528
00656-08	1477.8130592815326	781.885917674014	1265.7729815602734
00706-12	1431.5474417464195	858.2330084472098	1177.2458872940936
00707-08	1441.834646814631	839.7621123447983	1264.7179197979845
00758-20	1376.0084533121196	948.8537331433869	1280.4961938084075
00708-02	1431.2262454860145	858.1261580487533	1367.2773550275583
00604-20	1485.264815158093	767.0945507571831	1213.6264018379356
00759-15	1383.1401022784007	936.9540894301941	1313.5862030174085
00759-02	1394.5065375029594	917.5978661284399	1367.7418683783503
00809-12	1358.571986251391	975.6991453913956	1243.799822338027
00555-24	1521.1297619809002	685.5184969930193	1367.8448532839948
00809-22	1343.3952314029852	999.4944443035952	1293.8341927335819
00554-10	1531.4676483654457	658.6853768810332	1251.8994325380672
00502-08	1563.6793311687563	588.0290611757563	1197.9464931888908
00452-05	1591.315351874453	528.7367968587486	1287.3539385138831
00757-24	1387.0469894082476	930.2562597358699	1235.1639146455034
00656-00	1479.1938841412789	816.7263142763727	1272.1827264027304
00554-02	1526.9539375217703	671.0373494687275	1301.667808842034
00655-09	1476.7854655250799	784.5693234445652	1191.7470507573378
00554-22	1516.063023152299	697.7340615458695	1293.923103381226
00657-03	1472.5553030617757	794.9599114738721	1364.8683729441047
00707-13	1426.5377700734866	864.2436058214007	1243.3024605569485
00808-08	1370.3425591444775	958.4425931168427	1198.1551377692454
00810-11	1362.7249506038636	969.7737796278832	1313.2938224671043
00808-05	1368.8442079899326	960.9711250826962	1220.5774190771522
00606-00	1513.3921798684514	748.6599951684449	1338.6248046140004
00452-07	1591.7816198055634	524.7254656223548	1272.2003212393402
00708-19	1412.368536703952	890.1190560991893	1338.4989451800425
00605-13	1497.4858243875253	741.2240060793454	1242.943476440031
00809-09	1368.3167311870304	960.9998061019401	1257.3503385860552
00758-13	1390.7573744121016	924.5064376102673	1242.8893048607126
00657-04	1475.4137827555674	789.6861943155217	1360.2943147548574
00452-18	1567.979990666326	577.7453546436114	1264.9522867044498
00810-09	1368.370073973755	960.6864890303822	1323.9704177436902
00708-08	1442.5167174529595	840.550961922653	1331.0637194319181
00758-03	1398.8765806425347	912.0311194473517	1297.959790888538
00809-14	1350.103931300212	988.4677775081868	1244.3044574860064
00655-06	1477.7799774008931	782.2479278345161	1214.1716796627247
00504-19	1540.7624896250936	641.5377468349334	1338.9990404750827
00451-14	1576.5815639032178	559.1549188415613	1177.8135215682944
00706-04	1438.3882728065682	846.5986466681109	1226.5036880333244
00554-11	1528.6936655228276	664.2748446884077	1247.4919723691721
00809-00	1368.9865503038304	990.1944403200571	1273.2412324871198
00706-18	1412.5358230736904	888.8085696866856	1198.1735315813241
00708-23	1419.5836181639456	877.2649822071728	1364.443986317021
00452-00	1596.5199680626852	559.2332560119816	1272.399388643456
00554-17	1513.5377263036992	701.9534355591506	1258.4544206347562
00808-18	1340.4976339729315	1006.9639442405112	1198.1223601862898
00605-07	1509.2366243673819	714.1422155455078	1272.5223106917206
00757-10	1401.87699952885	906.2845795855707	1185.2728023250638
00758-10	1401.5222380696516	906.4174841280505	1251.460762787126
00656-20	1448.1320940959033	830.945462015789	1280.8088981731187
00655-08	1478.4223506519497	782.321942266531	1198.8070445097487
00604-11	1504.3909469637815	728.6463732388896	1180.0399399297125
00706-05	1441.174425312289	842.78419640283	1220.2785137231729
00708-05	1441.2801870894589	843.3083199362349	1353.9048265587678
00708-18	1412.717251941767	889.4899017176461	1331.0197858445367
00503-23	1546.7629008364172	627.4272757628089	1297.953498646344
00504-10	1560.3912184571027	595.3056221361089	1317.9826350837457
00453-24	1577.5952445939315	558.87306228847	1367.6746704623606
00707-22	1416.4967561141252	882.3599312564633	1293.5223518439523
00810-15	1345.369833346725	993.2719082304817	1313.7176772287726
00553-19	1512.1678864281544	705.722766492247	1206.373723105799
00808-06	1369.8792254704786	957.9390727254636	1213.7129283561312
00451-23	1575.5417434092778	566.4997294918993	1231.8697812405749
00553-22	1516.3396110929177	698.1346743451164	1227.2599169523148
00503-09	1562.2539858232228	590.7726266640204	1257.518541364773
00757-04	1401.8714719458785	906.4233796109348	1226.6373466320433
00757-00	1406.1852204609954	933.2634153480855	1205.7118099520778
00657-24	1459.7375210948433	813.6113359617545	1367.9847660613602
00810-12	1358.6308631347767	975.2911154062601	1310.6990757059418
00555-05	1534.444864203607	655.1479650875746	1354.435647853485
00452-15	1574.8469112849941	566.0125200140086	1246.953159371077
00605-21	1486.7360884277339	764.5295806234171	1287.4521343697538
00758-14	1387.3483802356718	931.5852022583031	1243.8698106403642
00503-01	1553.079305047119	614.237431718116	1301.9380984478441
00655-05	1476.0397077409928	784.4818886621806	1221.545214181703
00604-15	1491.4464623231636	754.9069008072311	1180.2295391147484
00657-11	1471.0910548030747	793.848979273262	1314.0607810978229
00707-11	1434.4366534383776	851.7263230288405	1247.006082481502
00809-04	1366.2691497263681	965.1217445714146	1293.1254352650908
00657-19	1448.9011899293603	832.9172036583599	1339.1413815125534
00657-17	1449.2764441284978	827.962547600686	1324.8875047636727
00758-07	1404.725374868659	898.0556236559183	1272.428732255674
00604-14	1494.8599633963963	748.8229475756209	1177.2464833390115
00451-06	1589.9783809470896	526.0373498787584	1214.1538689332745
00504-20	1541.5225533462517	640.7944255018127	1346.4857747833062
00451-09	1588.8768931754812	528.6942392872552	1191.5298700465453
00759-03	1398.4506688479685	911.6858400606015	1364.6661262026637
00656-01	1464.0185720627505	807.2173549170718	1302.5641719124578
00759-14	1386.9864037568827	930.689720948423	1310.7052999469831
00657-15	1455.2998373902947	819.4343892250128	1313.7426997235007
00553-14	1521.9384548773523	686.0899872500395	1177.7524008762089
00655-12	1467.8242879071236	800.3679227058695	1177.912839964512
00706-07	1442.797355080412	839.2314595816002	1205.769068111203
00605-10	1505.7642552920038	722.1054531074788	1251.5592999668363
00656-12	1466.7229511750988	799.4681206804548	1244.9035580388443
00708-15	1419.5140001937068	877.4727221514864	1313.2668940878007
00808-14	1350.8747522968947	988.7932957344715	1177.4721627062904
00605-08	1508.8708217183328	715.0707051727356	1264.7446534048402
00604-13	1498.430607470019	741.9248714659986	1176.149919836386
00504-01	1551.8713439247665	613.8907096355747	1368.3640096501808
00453-13	1580.063039042917	551.8699332310282	1309.669173319337
00606-08	1508.4961133585773	715.1645270329183	1331.190250505414
00655-01	1463.2733916234508	806.6985430703089	1236.4131481316547
00706-21	1413.6139188108345	886.0329082465055	1220.689271861548
00604-21	1486.5398128113336	764.3662906951781	1220.6738255537161
00656-18	1447.720128441519	830.55081784528	1265.4833920296805
00451-08	1590.1271696935462	526.0240191973268	1198.684437168689
00757-16	1379.2173476707783	941.4651914248843	1185.2760477637937
00502-12	1556.6236324929653	607.7471424199545	1177.1261693693816
00707-20	1412.3181621368626	888.8831769689308	1280.359597369335
00451-19	1569.070179635106	579.8767532803927	1206.016586064145
00707-02	1431.5245906244768	857.827023324995	1300.887354030762
00759-01	1391.3506924915973	924.5586069552292	1368.8986528227922
00451-16	1572.4719530520806	571.4857507784249	1185.2557242721277
00657-06	1478.9717250064227	782.9079386105641	1347.207544288752
