7.536190977449298
8.24868430287824
7.537585665928377
7.655082354767944
7.574935502678331
7.7809794239638395
7.721113970612254
7.738287756703244
7.704011632364697
7.846115391897074
7.297126581341138
7.103383219759692
8.28982606904185
7.792827725278309
7.358797216861644
7.872849976504787
7.759269387154405
7.542252676388266
7.790168979106644
7.986974302257984
7.704138377843311
7.62743809538132
7.577480676285357
8.07159392945176
7.638525391825654
7.886440289373515
7.54206631842372
7.906002941103801
8.064449556107117
7.792712969823641
7.608359311399778
7.860662663744039
7.6983927957029135
7.793556254629784
7.795995332452917
7.858450624573272
7.64106384159988
7.669017732757933
7.411472046360435
8.14591678640944
7.595325517180205
7.625492188436576
8.314405475931324
7.628401288478244
8.118061652633795
7.6523756190977
7.874581190638918
7.605076073165917
7.784885688610167
7.651642646344689
7.442151764435468
7.771671260373081
8.028807201535587
7.728092493281425
7.492139244788514
7.688437787001947
8.011312804587476
7.808465223265429
7.711657167266793
7.805065794030582
7.837065890592182
7.613391004754101
7.588196909766047
7.36117156192541
7.689186067951799
7.895627309926195
8.01518570881341
7.828316048982158
7.819719441261975
7.565038704438833
7.846423978999872
7.768414716641223
7.7450794135862715
7.538330622100391
7.49046846141099
8.620784117274518
7.237390125040286
8.066389085315981
7.70917708154983
7.524884730515042
7.954909940377079
7.597802098978413
7.816155363243649
7.8465500208909145
7.759772073410077
7.754851022011379
7.581050927953828
7.568419278813285
7.5538879833515855
7.508325146691039
8.321418676680674
7.537783897960099
8.055441451625157
7.7083320204519845
7.862483277825089
7.720390007984814
7.830223711172623
7.716781568699242
7.535929360333799
7.693377063042161
7.849198094823577
8.303673021739668
7.368306451343835
7.642245466960904
7.731552141200497
7.922184383205156
7.68032946632274
7.734492739176491
7.620210682721893
7.712001092241312
7.886900012858241
7.6857458445401186
7.868492638727338
7.665821550873801
7.722284446266046
7.898427883685485
7.592961017214996
7.807637114309534
7.651189780257475
7.6834947127139115
7.820866494272186
7.557149713120711
7.820247469596397
7.697369366924457
7.840546574091551
7.642415455587855
7.700618099535584
8.281534184202018
7.454769675240017
7.704760256671613
7.524552649532757
7.873573927167553
7.6956757844276025
7.815521901253442
7.421515270395527
7.640257977629656
8.071815762193605
7.594331531674898
7.561839330905134
8.025834567218077
7.792075883186257
7.611550785457429
7.521592352386508
7.937645161328029
7.683615313882362
7.818629111710722
7.647314758749996
7.6938035548781745
7.722663837087689
7.9227259597397754
7.279315932189358
8.124677120159873
7.653952715770399
7.739670776525499
7.80221984506903
7.707282701274782
7.831047210139109
7.750413855484553
7.637433057003605
7.573534515106481
7.746656826394284
8.01063879078825
7.941776328472224
7.600574190038987
7.565213703287234
8.17057007365732
7.889772355805369
7.521731706846847
7.74760629709189
7.672967617603866
7.756128157205499
7.853159652601278
7.566644252524339
7.746524575586884
7.739638333220234
7.729400997588113
7.772749095714359
7.639557338040762
7.937367522700216
7.735859430873491
7.964994270868542
7.836621736856943
7.623299313954149
7.856328309326917
7.454659509258683
7.859113236265745
7.884135047403259
7.769145877896528
7.496694032021885
7.9015241030666425
7.69455849382719
7.877034883613539
7.60854852085119
7.480069962186808
7.746870325426958
7.622471843462176
7.858818456231874
7.618490333143691
8.032242634721447
7.429401082306946
7.65118449128668
7.776463466965255
7.940959900861918
7.707982094287428
7.827702615084214
7.813821095003471
7.8268981428374556
7.5931481233977465
7.501213749496777
7.898917292654532
7.8374745133320785
7.771923118244324
7.803774852614263
7.905494261623784
7.62588359432939
7.913802531117941
7.8995346240781865
7.541553947552035
7.694461596786283
7.6322452826263705
7.318847092670561
8.805226041025445
7.585148949808376
7.9475244015727755
7.763877119028732
7.670139267533252
7.440343050031882
7.75461909010087
7.844450562654319
7.587166682137522
7.706712887358431
7.470295407628099
7.868298170332512
7.693886468609276
7.905367319315764
7.6638895484894745
7.594192925186343
7.7742027749503615
7.916828174257757
7.405925067985225
7.696174916451097
7.456903963640884
7.763332584624485
7.902850323146474
7.841419350990288
7.568306611197982
7.8479479945978845
7.696066982257643
7.836076608068209
7.6607023745666245
7.769044203019815
7.618738313275655
7.868018087879636
7.672853106801637
7.541164685218546
8.248379430501661
7.876596306891007
7.56198696233747
7.760522683676075
7.576818861783123
7.813433832006225
7.942119829344432
7.897209098354644
7.5548363933301275
7.667608515162886
7.9618963117277834
7.583582200437196
7.883417096945775
7.652613613449938
7.628740888178933
7.619332702619945
7.967201964983161
7.74483593305999
7.528575784329372
7.856765248638106
7.818593676402221
7.481486781566092
8.111189993180947
7.386690930391158
7.953345163057651
7.851880601179981
7.908882422345915
7.760314355219404
7.572060409587793
7.666794785347118
7.924422729718203
7.618585035662993
7.930258954575459
7.64817573038892
7.551297322732879
7.898615750324389
7.565613885472648
7.984324372955522
7.587728702453167
7.567578239288648
7.957659483130174
7.761190383955541
7.792858045135605
8.077614402407837
7.358148397667544
7.880211308601417
7.8693120399742655
7.595965256309396
7.759174889666445
8.214056142811875
7.296471641686852
8.246545611473744
7.664859399193134
7.746456351391662
7.796001734482367
7.679948387508744
7.598989240251974
7.838908624619385
7.929888891510081
7.601510097330581
7.611795532113608
7.7133120063438865
7.40441367396129
7.465122165754482
8.746363740811795
7.748207402070681
7.9725028979246035
7.503696671037774
7.991973096755835
7.43782356851714
7.834708932613466
7.759363614436195
7.7807619719319385
7.70896320816608
7.57483202060144
8.061296053014736
7.385558836061187
7.655214092408082
7.834428491021349
7.7265466109402166
7.961869835807049
7.543540756482988
7.623476267579272
7.781995336432249
7.933317569199451
7.569089927131841
7.844635143645283
7.684934302746868
7.541499376931494
8.207128886331441
7.7134881598906295
7.676171655210238
7.854209352646073
7.772178830109128
7.6173437613486765
7.802553224037868
7.556418389362021
8.491701409836928
7.78759630458448
7.498290367458601
7.757790730279202
7.88218851410508
7.699756023935134
8.063273121205354
7.848119098478066
7.596046288221002
7.814439954546017
7.4711080774451695
7.798121208490366
7.818073449312379
7.898875413592838
7.675660472871791
7.607333754666395
7.773788430635866
7.8423306597604965
7.497659283183579
7.8520176795603485
7.979453180917404
7.5133230827799515
7.740474339510605
7.4771431161189374
8.01309437725541
7.819259355828141
7.8501103687603875
7.680493090435011
7.666665732638679
7.592945903030737
7.82516566926971
7.573436429471882
7.859080449586678
7.930932500411077
7.223645553737089
7.778624401608947
7.879617451651138
7.678290278822804
7.833590967558674
7.7417998632606775
7.698473389122553
7.671274835226663
7.596815133063826
7.482669148251727
7.7538300891457625
7.833748013305376
7.785442695289388
7.82887297263952
7.912135027698181
7.813425721950983
7.584142207658692
7.546642052898974
7.95726907381672
7.782952647762804
7.618120309954789
7.624762948651211
7.67083599253415
7.588712699065767
7.819914418205048
7.9856613862443115
7.771691251071673
7.695721419432631
7.590276645990856
7.700758614938149
7.552403411496356
7.831778084293649
7.931163873266874
7.60854685140067
7.788810274338639
7.517190637572566
7.728455112974808
7.513671666953658
8.411152056197315
7.686907082212833
7.479943327183805
7.829164191302658
7.728686487861078
7.903893037950227
7.67012246469291
7.494956128112087
7.849950389784001
7.666558079319488
7.825756112435953
7.732332081449059
7.420632785362639
7.48992895486707
7.769145923331083
8.019946108004923
7.858612609554819
7.567689298248342
7.269410136241831
7.720191082112695
8.00698387743256
8.057888751090427
7.743046341032867
7.572900547501455
7.673087516073865
7.898921689247295
7.900170422427249
8.082583346440906
7.694570790068552
7.629198919605426
7.794435029356136
7.574454564517976
7.584248755390301
7.808215817664921
7.679538094395841
7.862156089281733
7.857911335485374
7.514126581580495
7.944622599449225
8.019587243942564
7.530893720071697
7.777446417416148
7.917799051576352
7.657242232460339
7.622009931152295
7.822702819888776
7.5848636552573145
7.8613069961905655
7.934632463710215
7.437491305712016
7.783511009462737
8.092354547836594
7.552719238566002
7.6623709932452835
7.729774954316068
7.743927570992708
7.691794858090709
7.669436860486017
7.6028215987372985
7.796055897072527
7.911742143782761
7.470147665295314
7.654765595125127
7.8624514469396
7.596537124751605
7.428003026579921
7.844235097509047
7.895311902639884
7.645563803414009
7.947227054860951
7.34513948806038
7.86046581917705
7.560403846522621
8.004149388112511
7.8039392996958545
7.638993818190839
7.581846518513857
7.662772125156059
7.507584065461306
7.799663164432788
7.616212301059372
7.648752312138841
7.575343922292794
7.845327355980017
7.884716643472837
7.730773638369706
7.482872329377689
7.687829095185348
7.535059919875547
8.143832818076806
7.75117254098651
7.292676021953189
7.842606338248198
7.75805978242545
7.846293074819362
7.5536919692276285
7.9329214641313035
8.161991730259157
7.596670971480013
7.256055531320361
7.812706314341585
7.932340759702464
7.480782211550172
7.415141994461755
7.940176311922878
7.291204093860444
8.239652268888403
7.800401278799572
7.814350175457684
7.600419455369474
7.667260337583949
7.570545700163037
7.4630560773905374
7.542317068481639
7.882978105150083
7.543482430190381
7.781343639660288
7.307495283510738
8.080332028776242
7.637775675289693
8.081884864000568
7.612627772140995
7.616326662663747
7.503621795800976
7.898638926607628
7.642066110954092
7.442232308550817
7.7072909336748
7.75182679725955
7.83846929822553
7.585405133032472
8.290419961142025
7.4887519583390345
7.576851439367124
7.444511945594195
7.833562228496819
7.344062707415793
7.604457679085853
7.563448671915541
7.816063072279463
7.827221041088236
7.814684107417752
7.587720793195873
7.616431086705169
7.958784413813617
8.074400032224084
7.277632555637091
7.511333497953174
7.5905482174506576
7.949952510789346
