7.52675717263825
8.244723705180347
7.447566352548221
7.593679545876447
7.381096024970388
7.776005754756266
7.661010295282463
7.721007248882639
7.686620389256662
7.835013616592981
7.302097531392098
7.120532869175759
8.265519947932606
7.6991240874237805
7.38881661120395
7.7311287274780165
7.775721145268826
7.56818913420653
7.749510372430306
7.856715287474328
7.710861417928222
7.611855374057246
7.544604794618101
8.041392142734303
7.5860034245224215
7.868826966323915
7.520250927255213
7.681704161564097
8.076337984511188
7.783505271453151
7.547257772097033
7.790944423339533
7.649010470255923
7.757763787771343
7.73018605046224
7.819344136546952
7.60610876177795
7.605352371597555
7.401880037154331
7.877600870825134
7.576979242821955
7.6539273026222086
8.233808994026175
7.617875281394281
7.874190043790039
7.615634652461826
7.834741988724558
7.566805410983267
7.729313366556306
7.6013938687376505
7.4225076690046805
7.74319546844846
7.880362641317966
7.709148525946621
7.418824971323489
7.645487514711466
7.86824548347505
7.756680223130763
7.662165404645199
7.752247605273245
7.801023949569237
7.573680288404738
7.5817044509249865
7.330826957527563
7.6779698958247
7.804338220179066
7.98889301350838
7.789346987788328
7.739054708520006
7.522487828918342
7.784556737936487
7.706357699140158
7.728021790550461
7.538665818748839
7.5099282595636465
8.335957890322256
7.157178201572627
7.983981836921981
7.702326012895831
7.5172290754383
7.893269757955915
7.571585389478306
7.754676624537323
7.834193331608939
7.71463887480424
7.711575051106427
7.597529785809297
7.58911269667762
7.491500374427926
7.529966169682872
8.304380770591965
7.480258479922384
7.993979077971009
7.69088490655983
7.816744330193474
7.693259360109497
7.794144030485048
7.696830693477577
7.500474680380084
7.674622499214902
7.870946693272261
8.098433567783243
7.409391551188869
7.6571214245895804
7.683492175217899
7.784087326612371
7.662082145009253
7.705515046380768
7.591201688216247
7.701111284931733
7.878993175397458
7.686220756379153
7.8075636763210206
7.7151881320033935
7.703194596253431
7.907879901344197
7.498699674387903
7.787223835537815
7.631444740341624
7.650128827524595
7.7515618338903165
7.526597207546928
7.797334626290261
7.556994201040507
7.816743492910684
7.6362644168374825
7.6369069903544835
8.100621520503724
7.432237152621917
7.673680223890874
7.493232228751717
7.843192166741802
7.66400344410431
7.772239716147796
7.417706069908213
7.597433484334938
8.052895789743197
7.580856205556121
7.553506729915486
7.933206760646866
7.767996293937542
7.56402539626081
7.44025424587097
7.8659779722322005
7.662314958431723
7.817480881223478
7.6330177754060315
7.73571727105633
7.632248313847137
7.778174708689374
7.311333358151531
8.010085010863877
7.634142795455052
7.676139380305256
7.802919848864573
7.694727211794388
7.829992071630567
7.728891028586913
7.648387122108707
7.596614417009613
7.714143184597588
8.010844256632065
7.915783078835956
7.611007171415629
7.560639666359781
8.134532391080661
7.789514121222116
7.527183980831965
7.687178950282519
7.613617940296112
7.756837510996256
7.856287674832443
7.589925298388775
7.722971379356458
7.79204624659436
7.706570418099345
7.7828134622696945
7.637593678519931
7.705991966482185
7.716663901364866
7.941144636338588
7.803222885843127
7.634840541686243
7.884961647463927
7.494748501777689
7.777630239281415
7.893018104074111
7.745300888070535
7.530019905963731
7.82613952589822
7.697801390008858
7.803053674852523
7.57575038029601
7.450974759859209
7.712005394731442
7.586484755168675
7.860953461613926
7.582005090683458
8.034828661278487
7.384184050047058
7.58501636774343
7.741443775122752
7.827625909243733
7.684287578493934
7.768864500924316
7.797655977583085
7.820266636506562
7.580570322508407
7.50678210276432
7.9069663299747655
7.777617093886648
7.6830702510565505
7.67188502037633
7.830701275303555
7.598511000447204
7.8663103124863465
7.875401008388371
7.5473103313977985
7.714066329405885
7.669861427147434
7.372462678600764
8.472124533182281
7.5979254060598125
7.9090462415007154
7.759026378059612
7.599324821553033
7.411259271147698
7.752033535563917
7.856743975348716
7.591172103828708
7.726010009252033
7.464622787055914
7.885420162249784
7.67014249803407
7.862887395297578
7.664516730672933
7.578398470001213
7.788040785983996
7.897138793765036
7.4077470552779054
7.706225310070597
7.488956081100941
7.757973406508233
7.8767830196219855
7.837540637423436
7.580813313307041
7.77347637626088
7.714545419382651
7.696143782100783
7.6431941780396295
7.767589733427296
7.631477209955119
7.878698139040589
7.668041589690582
7.593555674776506
8.16675338049356
7.8254228923162925
7.629203973653156
7.750583180044072
7.587337965873638
7.712587601801835
7.8878272452098095
7.763139647433734
7.515117515032364
7.650196701747342
7.954012324182094
7.565372292681652
7.849569086891315
7.670997297834235
7.5613197374958085
7.623492784405453
7.879005960653343
7.7579354381306596
7.540790289111124
7.64471348315371
7.816976597966105
7.46683534903781
8.043446190095395
7.369505970668535
7.961709957600671
7.847214790322804
7.838251420945318
7.736847898809371
7.574258025111982
7.621656318077232
7.896457487696504
7.647205561554341
7.94844890916609
7.620707317357456
7.583305443398218
7.872433060500696
7.604720275938451
7.88257915487258
7.623531788485912
7.601444708262687
7.966443652437641
7.785464487802883
7.820719841707533
8.105792497879657
7.362650696666937
7.911054261049712
7.887941877638916
7.62665540829475
7.566273907507823
8.250620265910392
7.334187772702663
8.23440589468004
7.75052075357709
7.790741127776444
7.751202119538702
7.665680443198166
7.606140112242788
7.848679337177605
7.8506573655829435
7.632008730571355
7.6678392461963
7.758220570355321
7.493448150425217
7.518970785164974
8.372106161178346
7.732024002608661
7.97066540038476
7.528969139270065
8.017194136504127
7.466808813647171
7.8393967583761
7.78143699128825
7.827114100124129
7.742521820941419
7.67111675789358
8.00935009692013
7.469248582001929
7.696977779112744
7.841892664820575
7.73416808397706
7.959120039852147
7.5355886547787625
7.565665325702681
7.768904203228485
7.881954177382862
7.562088627104542
7.8583284580822195
7.636015476354758
7.5606352356092446
8.169430952638514
7.748325573790598
7.704242103152191
7.869352705885494
7.7769376977407685
7.5996903174367425
7.761614470010202
7.577753888048346
8.190024946445428
7.825179070026084
7.542285926808217
7.726135786400637
7.879244109172226
7.72182190747948
8.099899409498587
7.869738537719442
7.620110316826714
7.813495526442203
7.564855703069963
7.746056132789479
7.7064229287021035
7.887680196699354
7.736508529228224
7.6385103539960015
7.828271595617235
7.870707978503083
7.54051517156476
7.8618995590549865
8.005900914142032
7.521557707200081
7.667801257794855
7.527732130311274
7.977470177821973
7.8079934211723785
7.915627815969595
7.760843271805013
7.701693491156128
7.619928052612285
7.827149164544629
7.590708829482568
7.862387412461258
7.8676452918881425
7.263862799980316
7.743160169184307
7.947843017004184
7.6526913281319855
7.864169691976667
7.793702161618907
7.726711202536543
7.714573138182647
7.609488472984638
7.518357756783382
7.758805924168247
7.79146524433278
7.811047793745385
7.897068747159145
7.865549316924419
7.811363163756669
7.6427869398499055
7.595133081963256
7.981651458182841
7.805335233946256
7.5762756292595475
7.63533918828994
7.669262578090596
7.570885240876781
7.807269493342216
7.993507919924138
7.750933110738276
7.728961322843202
7.563348643993546
7.686019923156355
7.579806740282087
7.841891074060133
7.945170377641804
7.631552599421611
7.798766130655813
7.534177158744508
7.750569123026833
7.515650687899959
8.33412196235291
7.711670707596775
7.519335744219094
7.761933352887456
7.762449333766677
7.935251303327145
7.6695938618989885
7.536540454734971
7.887584089569999
7.710650784341484
7.870461772444927
7.775505941222866
7.4288642212944875
7.518124602400737
7.828016746099716
8.011164105853965
7.904705850932908
7.630509119884415
7.313024350362704
7.7751985269158626
8.084014762013101
8.016583488426486
7.7623866479679275
7.588723160982685
7.7509656053359475
7.893290961588323
7.973426107567337
7.931750808787728
7.7613238478051825
7.683020610183753
7.746965391176017
7.609176790172517
7.598485113180003
7.840102855560889
7.726046035818156
7.935012548139468
7.757851608617379
7.49642868542179
7.907071365349015
7.994053477505466
7.482847817410472
7.834011070957434
7.869787883935539
7.6946093639239495
7.6592068502083634
7.8596529887212085
7.58343083678679
7.892431527415392
7.953794175134356
7.437938325978813
7.8330855773523185
8.032826697434873
7.603951200476786
7.730337263929111
7.644293951185055
7.774508702065847
7.711642794341731
7.673654610833312
7.6228493897934495
7.802591973070867
7.946395059339914
7.480782247724422
7.659929854479941
7.894653981698806
7.58983015375419
7.418762063518203
7.850914052496361
7.921968682546917
7.676152347437829
7.965035970005889
7.374234118100855
7.829460280806408
7.577990483570199
7.972377355432567
7.759681590816672
7.670139386824237
7.635976490250773
7.730291585732328
7.566756312854099
7.861990155561833
7.646943591710502
7.704592738855299
7.664041396816788
7.853778073806456
7.837753231423248
7.699317899031034
7.581515490910435
7.729634015666615
7.616530729416774
8.23652539269548
7.793352184670771
7.3774565879930085
7.893493262364603
7.666354260658085
7.778424616800945
7.5904583270471475
7.9281095754882935
8.14373943345802
7.633850231384287
7.3603808670870565
7.895375522753512
7.869483764432825
7.49970141775358
7.4613569130796265
7.977352311742373
7.320871972388744
8.304142946285035
7.8105790996261115
7.879232246596999
7.619626329101598
7.6851269484457685
7.643881463952429
7.518260205933471
7.5941263797739955
7.960243258071535
7.6083723677021515
7.841929973676821
7.33874828351174
8.059179755314313
7.651174239132619
8.101051455823614
7.654293933864074
7.735769999513381
7.525761163255958
7.963768227197878
7.709954829368245
7.503693349189639
7.694336509932405
7.77033815279354
7.866499545138189
7.582778198554449
8.277822437166172
7.5653493295829275
7.582395070717404
7.4775689618598
7.83604707401549
7.426761988728082
7.639271059817177
7.717153688514372
7.899577193066848
7.692617975449126
7.8575511997205965
7.627313317094873
7.5866448114593386
7.9515943593640595
8.088080943874033
7.403842472493716
7.564117343157082
7.647997576118044
7.945772153564758
