29.46766751305198
29.66599638237029
29.767193359855707
29.45777270663652
29.432719326270572
29.144936150884345
28.538844236299802
29.17499810759891
29.245011936467407
29.56502138502236
29.39401612348181
29.29293709132844
29.314677409146512
29.384358992944275
29.48889876483387
29.31494712803043
29.18629415275181
29.335545770473924
29.53155895643236
29.245527518603314
29.44451537145049
29.39688661125026
29.516268748245324
29.532845453194593
29.69554680909961
29.666090925068332
29.468733387166186
29.56893013391388
29.48216993912352
29.52828929263291
29.385605683993617
29.468681971147078
29.52934273268443
29.676088071335
29.365985795116327
29.42651990399037
29.54187857785823
29.43289666127676
29.559530666994213
29.572377169461173
29.378679671139498
29.459694546963988
29.39914728832056
29.53033272057359
29.337489247327
29.505538120729558
29.449174691351555
29.69804747256601
29.415708422751774
29.451763559123407
29.33415306853701
29.405232199202263
29.270018666680677
29.49083822797371
29.056668524700942
29.419531869645347
29.506161248315106
29.771227302195577
29.53542064320521
29.32237798750121
29.254306242533694
29.137790207870644
29.24261339549819
29.37113040835866
29.534071140191074
29.604910143933072
29.71965524891531
29.36132865748371
29.444581411609295
29.430461197887677
29.345044786908254
29.466557294581186
29.47059999063115
29.625500511920475
29.524495970892847
29.634563775028862
29.65607093704526
29.50929380806577
29.30676589569172
29.40012210707604
29.35630549158151
29.678949467898594
29.28828559266015
29.36414296697574
29.544319007339432
29.585119988689716
29.487527611022458
29.58099359765253
29.49217709952535
29.583207802290122
29.58209774210379
29.517965712131762
29.43067458650073
29.54639498017417
29.445917680566083
29.68071781374816
29.54162775754405
29.45448866185866
29.49436969062171
29.37161181142979
29.574283092043938
29.62595197180071
29.40894181309861
29.48350081232698
29.423231196295575
29.499525943122197
29.62355522146333
29.463384964035352
29.35473548799269
29.418948150382974
29.67334162217394
29.52852802375052
29.644601885639776
29.506351260037295
29.61127541150199
29.647477224525424
29.45763205400558
29.461991926513814
29.308909973145113
29.584304296746023
29.2817412881338
29.301622422504902
29.326074913086355
29.49181077146998
29.553829662538234
29.477618525485024
29.468703457952042
29.447005936937508
29.28741891712737
29.365709884078314
29.39200331618722
29.367851551504387
29.245885366336626
29.152068832352096
29.43406058750849
29.452237182125916
29.60256652586166
29.42210454188452
29.410591950980354
29.43607901349893
29.319890718426368
29.645840446129398
29.292513243886262
29.186687080587532
29.461017318325702
29.67813143187001
29.42741994925424
29.436783526240124
29.405586972123444
29.421768338311423
29.44215055179107
29.487649693148565
29.732804500771024
29.467128149165248
29.34667949203084
29.510379920484777
29.68769902094424
29.517500450891315
29.69725860412053
29.68727776622428
29.509733911474186
29.696410723362654
29.71261980598622
29.66291548767132
29.559126516132807
29.713998459936168
29.674796732503374
29.70418829111124
29.597295632568574
29.63937957255987
29.28104370180337
29.387198946607764
29.512955460670156
29.63149159042838
29.335575359672543
29.6993089217684
29.627751749426565
29.879068853230642
29.63912611746848
29.516473190421134
29.553845627549023
29.6367843793968
29.582910242856492
29.580084017917105
29.534476980335565
29.503794016222948
29.51239288560726
29.59097884183367
29.7696576529193
29.62577558990046
29.694178804634642
29.559994510609
29.587762508503815
29.360559677446716
29.36667457510197
29.426316791750757
29.564850845032804
29.30044912331661
29.255309082021398
29.28167871912827
29.396656990463548
29.69264011693135
29.621175699004997
29.54740501274068
29.318090213162773
29.64148138603515
29.768601102946946
29.448407686579557
29.343228253513225
29.52515137000388
29.440392212211364
29.57547546079502
29.443962581614535
29.50765027774264
29.468213347392165
29.335382624600847
30.592684896804972
30.26362201746743
29.586118133790574
29.297463337272703
29.006277556852016
29.22067557870357
28.702173063837556
28.569158911336793
28.488238531959183
28.416874102806275
28.225536787096
28.368263502605647
28.593231507119686
28.83808132780954
29.129449230339493
29.399823335775697
29.901499302720932
30.009589675266632
30.185478918082364
30.68009404491814
30.796301552945337
30.940739332233328
30.861938952373144
29.545688149971383
29.364759286883114
29.272818872773875
29.406177826868266
29.633165254042133
29.583276878610217
29.423318788852562
29.525270773012426
29.61375896576646
29.59889929953945
29.650339991550638
29.792252121175093
29.541161604514187
29.459180158835572
29.694449653212413
29.59400160348066
29.31601099846039
29.660758085468796
29.517542423599775
29.736994322110313
29.767880766802055
29.75533815900112
29.73881804499326
29.67387944089466
29.479270180802203
29.185982486958284
29.363303552345478
29.41726676158654
29.514938730448886
29.598915719992327
29.474777294916407
29.490828024947763
29.51596309505908
29.60806528000746
29.548221591713375
29.362020507016457
29.231560834979714
29.336233921795127
29.564511835525018
29.199695306742314
29.422871357308843
29.71900123357364
29.60076482511823
29.688597805286427
29.64857192646984
29.67858294097197
29.60973970963079
29.58565702347105
29.877414111068912
29.726148519198944
29.583873680982492
29.48656351055187
29.792040318373477
29.577792446398384
29.767376785928786
29.80065752475906
29.929199949818628
29.7371419621756
29.587113315881734
29.649376698656866
29.694050265596907
29.79053734793901
29.738531586117386
29.993897177164055
29.834532596671245
29.98235521709726
29.673249555806656
29.824224158209745
29.78402369214068
29.77600688833477
29.821778955715523
29.662527777655683
29.457899860514097
29.721293627653427
29.42756326061543
29.75545811106913
29.393349312344014
29.65071007477611
29.77989367113115
29.716337569181015
29.687570121152408
29.373511158225906
29.503070250805436
29.538771889516404
29.72516762050172
29.535835054824155
29.63198830281728
29.878222227666935
29.722971346149958
29.778896789854084
29.837709859820116
29.75630018421615
29.656379421461807
29.585029674452777
29.34830906113848
29.357354427202196
29.635922420473236
29.437303278142608
29.605082299887894
29.654564791856284
29.705595026660156
29.691034457783974
29.472870797540693
29.652015649039733
29.667528845542876
29.764241813816287
29.571779599430783
29.62133628598019
29.658593392918796
29.519762558367184
29.81588926073201
29.562430651998195
29.435949552243116
29.836195334581173
29.808736501281842
29.730974005327404
29.804676496546413
29.72167407915074
29.33153763387598
29.52948735537084
29.817269237698305
29.880840623765927
29.555378412937188
29.665559004291275
29.729753134337944
29.78830271687689
29.788511164422694
29.561043554145428
29.713471203174077
29.47738616778342
29.633385699200446
29.537921402385095
29.782218424905498
29.722127253524715
29.768356738760495
29.79014694953715
29.7522681724155
29.611733260935047
29.62227006129457
29.75088661187581
29.66438066424198
29.896667908508633
29.58750749606549
29.815871522399753
29.69240751786544
29.539094688268055
29.428580022321576
29.471108718927795
29.67455099579583
29.521103646974577
29.564259738723116
29.787718759973288
29.907521940708293
29.687370948751468
29.499080685064648
29.322526840454966
29.35913117434441
29.444828330263814
29.773555996241168
29.781991591814563
29.462559376851548
29.708560813895016
29.855697415128525
29.81261715615899
29.706818671880722
29.73570427499387
29.682710878991063
29.848050558013703
29.575707095345606
29.36179774805424
29.519798457715556
29.693929010678133
29.74903502806274
29.749195303765763
29.618433440089426
29.715827641477016
29.498662571136133
29.50535913865401
29.38896994208846
29.500806635922387
29.48204237994692
29.635655956597578
29.67312412388111
29.719089613433404
29.842787566032182
29.78668977383619
29.4572990310482
29.69296989321176
29.689147900103755
29.650725856819847
29.44998002887616
29.59676100857859
29.782290589986616
29.83420435375789
29.280041499711423
29.315787967727545
29.67741339727591
29.51268947057029
29.417424806281137
29.76319478603803
29.734517623312225
29.675055276817638
29.566789549640447
29.836416188680342
29.69207671137338
29.667854753466305
29.85838056571077
29.920960760618836
29.5293809020144
29.97979210723337
29.41779639221102
29.75771821704501
29.764852601826487
29.893358715728176
29.982668033086053
30.002196409025498
29.79580928063335
29.650722805852613
29.540430853054975
29.555536662107176
29.4749741159343
29.366448628345623
29.688112152283193
29.671501744795773
29.810885777989533
29.819211257725208
29.87491365815937
29.786133340001857
29.71667174557475
29.7077134595357
29.571686863350443
29.600902260040662
29.61311773127508
29.617639992037716
29.63910452461394
29.788007141973214
29.723137719521194
29.64305837446297
29.719308919128878
29.81805944127033
29.73450526471814
29.479897372479048
29.36797319195762
29.477463410924237
29.52992975803349
29.473421582697803
29.393602091667592
29.444256064639863
29.500400764216028
29.573736677403808
29.671586631252914
29.633397461251697
29.647814595924352
29.511849353230616
29.642682505270518
29.484893331004276
29.418641760675712
29.560831959208386
29.352940539578327
29.57198053605931
29.684034199853482
29.594303568896205
29.55716547417883
29.61715669165497
29.7500906119729
29.437728396641052
29.288535785495995
29.62808479388577
29.52032290808592
29.681803040595607
29.726982371094138
29.57012629225636
29.7102173123346
29.695477015446805
29.671630234898803
29.571848071929654
29.891819523228996
29.57687231405294
29.810732786350396
29.547193692734574
29.56866645892566
29.662448209078544
29.48414487297479
29.587135280563245
29.805507382725608
29.896076378917613
29.811629897123378
29.70323570049927
29.615687009505585
29.61098299522424
29.536987133732875
29.379870080386123
29.752735490599147
29.278052341984445
29.12719975602607
29.662081519090286
29.666647266897478
29.63183859663489
29.77456536885642
29.912758835966013
29.492460314641853
29.465889342960388
29.56652371824689
29.50674731769114
29.502113953801324
29.47521753257841
29.350078099897576
29.511659234359882
29.563597864758997
29.818461461190505
29.78591605903658
29.8689975896633
29.7531780371932
29.652841428128617
29.437855323350306
29.451693938102693
29.466213679078496
29.32894015256487
29.290687609880617
29.392092632673158
29.539844600729968
29.782538195000253
29.73843472985877
29.5558292641009
29.36121775796905
29.24338792667857
29.669952455539295
29.442933072900555
29.30742220572417
29.50618795906512
29.21060389349924
29.551327821427037
29.60272055824391
29.83198239498983
29.742493463655162
29.506525432885578
