00809-10	0.6467709348450408	0.6800865886024517	0.32009561359305033
00504-09	0.5268134643132654	0.22237050656705962	0.1693474761063541
00605-02	0.4410965726484107	0.27554552703899077	0.17263388992476764
00553-15	0.7518806213836599	0.3792026645602505	0.2706912418990663
00706-00	0.47867578766132535	0.4016499741549942	0.2464712700108932
00808-19	0.4624957446037014	0.5491871661592695	0.25938220252474115
00808-06	0.4869161081981432	0.5028257420838175	0.25247176575162733
00453-12	0.5415948849743843	0.19239841467622482	0.17600739466880166
00759-22	0.5445700165831853	0.5777230322888208	0.19969296926953783
00708-03	0.5842114663142921	0.4786037980413166	0.1871868579596025
00655-09	0.747962389233106	0.4786528496448367	0.27075494286159263
00605-05	0.443436258738592	0.26370184704210825	0.17847735612823515
00452-16	0.5236678775298735	0.2059630969443388	0.20594691546517202
00657-21	0.41415213016151614	0.34342960071654843	0.15150123200267335
00555-07	0.4611728545081945	0.22145238773772316	0.1544722827741842
00810-04	0.5339528232699063	0.6054905641958475	0.2010689997195209
00810-08	0.5336161956855549	0.5944047298665178	0.22163390184982437
00553-17	0.7463757425882016	0.3877006601255656	0.2626637278448605
00707-20	0.44743698852386776	0.4101721381279236	0.19492966896280187
00655-15	0.6978091298694703	0.5083645726951782	0.27467305014279275
00453-20	0.5377101890965302	0.21559941285242745	0.1596972744977714
00655-22	0.5088951380167643	0.4069793208030618	0.23053173954512654
00809-14	0.6288347148039732	0.7107205552347978	0.3283904042806278
00758-11	0.43950649139842796	0.42596514135634983	0.21871093680860926
00555-01	0.46010531607669986	0.2416129514302525	0.14387355842479269
00758-18	0.4250126954060226	0.45753833411883754	0.20941358710105337
00655-12	0.7094411480591224	0.4889340359804871	0.2765713241423615
00452-06	0.5411670363535763	0.17888235162430116	0.1912888303949924
00706-21	0.4481132958226935	0.40349196026691	0.2330066363969578
00808-24	0.47442779472218	0.5342664041880884	0.24034560334257843
00605-23	0.4363937896200176	0.2899623576899706	0.17429826643653956
00604-20	0.5759311157072747	0.3930156947227933	0.23924876311417384
00453-18	0.5350981901465948	0.21494572056910552	0.16654006753603795
00502-11	0.7859379268398679	0.29476396749522626	0.268844426328977
00554-21	0.484083211269872	0.29398582666857787	0.18609296287822688
00758-07	0.4461993372183053	0.41668037042764733	0.2042227359250712
00453-11	0.5442895960242417	0.18843908693449068	0.17472197526988473
00553-10	0.7639881421757765	0.34791458592386626	0.26614957147806234
00554-13	0.48700480165223486	0.27537729931135807	0.20908721397657
00452-20	0.5263220129449581	0.21208189533741964	0.19081221112464117
00554-23	0.4889533597334787	0.2879845719960744	0.18096092317152312
00655-19	0.5042542208501841	0.41202443653830617	0.2437162918974657
00706-15	0.6893596511979105	0.576762329450577	0.28086895910274257
00451-20	0.7908158432421729	0.27488306094509063	0.24429674071417184
00656-07	0.4261158067862236	0.3063368899800221	0.1862780927116159
00503-08	0.5182080541790155	0.2169379473069084	0.19848005954841158
00809-09	0.6501728814367106	0.675284972666179	0.313895515171757
00655-03	0.5230773002198557	0.3822085709729898	0.22785881806351127
00504-15	0.5112179883213313	0.24554479773657395	0.17386652542691103
00452-19	0.5250517292091845	0.21230987065943416	0.19505785101101733
00759-23	0.5482600557244763	0.5725974635550802	0.19647161077849595
00655-16	0.694248606055387	0.5137127294225252	0.2712210622413439
00757-20	0.49094512454587264	0.4931643492939496	0.2516626713589459
00605-21	0.43233157270110284	0.29582070803759813	0.17934842534371223
00555-21	0.4531470628275602	0.2568485563652309	0.14963676298366974
00808-18	0.46235766011438956	0.5480352354192242	0.26436891274205754
00504-21	0.5155216582261846	0.2550077614241296	0.15659892322967298
00453-19	0.5355251351559227	0.21588017518556232	0.1630471280386896
00655-08	0.7483737099754877	0.4755294436772724	0.26544993473485046
00554-20	0.482476552967714	0.2953617565831507	0.18966748932353195
00606-15	0.43686831087520267	0.2906394800122775	0.16736156460575277
00757-01	0.5041682419829195	0.47148958587423817	0.23707056918562042
00555-15	0.4503988691425655	0.2477806522555842	0.16600471104170328
00810-15	0.5064973193501088	0.630211515679446	0.2355370870282178
00451-05	0.6674891058402675	0.2236730952821802	0.23774472452260412
00452-07	0.539275248330603	0.17786956718006708	0.19520900887235132
00451-17	0.7952182698210238	0.27330267293695915	0.2603131649936417
00504-10	0.5238743482415865	0.22455292642034744	0.17198205687770302
00809-02	0.6464148825595547	0.7015191101614376	0.27216802318309985
00809-19	0.6197574826962418	0.7390335022574214	0.3008327551753258
00708-08	0.5862951651726719	0.46328863802740483	0.20992238756342227
00452-15	0.5243723939877729	0.20222688263042093	0.20837796866117664
00758-05	0.4476803907944231	0.42194621520531395	0.19678582058354152
00757-18	0.5445659247501045	0.5309768341812777	0.2639649371574994
00554-00	0.5149579562062918	0.2882211893989291	0.19801352642115275
00759-08	0.5647504861437407	0.5287227253012146	0.2192707361208474
00759-24	0.5523706315666161	0.5665768904213555	0.19440774021666563
00606-11	0.4440298490223177	0.2724863669965633	0.16700722328713075
00758-13	0.4336156316163563	0.4357577987043378	0.22101596018944847
00553-16	0.7488389397966654	0.3841333321475357	0.26719702169114934
00758-01	0.4404485312279736	0.44155142392683916	0.18971092687242283
00555-22	0.45405047857346004	0.2539568307225937	0.14719881544245975
00553-06	0.6143948996730703	0.3004631895493803	0.238099710010316
00554-18	0.48118346913543625	0.2945940961899863	0.19760009625376712
00657-07	0.433471933667308	0.3113425971112259	0.15709151833001792
00657-00	0.4435823713885154	0.3420294993109116	0.16059395363363052
00708-22	0.5687745883573115	0.5113616642919894	0.19099224201079062
00503-19	0.5025896135922652	0.2523735719700601	0.19403469735196727
00604-14	0.7344245201827985	0.43646625597349437	0.2757657030682518
00808-20	0.4632121422338765	0.5487835203427683	0.2541394651679828
00606-10	0.44571217539188707	0.2687473717067382	0.1648183566320446
00606-24	0.44608832381516716	0.29047560309748816	0.14605309814220918
00707-12	0.4561770351608204	0.38259188915062586	0.21379073122562348
00759-03	0.5625687047392989	0.5451567323419463	0.19603718458131902
00604-06	0.5938594550971593	0.3500329104887587	0.23862090818140153
00809-12	0.6379431128935228	0.6934064959345206	0.32823722516498194
00605-04	0.4433873085884473	0.2671639165540923	0.17592534474469626
00554-02	0.4957417285968465	0.27390660624820384	0.17951272723802772
00604-17	0.7241011383682866	0.45063272605401083	0.2654360975401311
00452-18	0.522224454202921	0.21064796420231854	0.19863062338298063
00555-23	0.4557408920361513	0.2502508774177827	0.14538305618959693
00657-08	0.43247049907579743	0.311326973655948	0.1601517573810759
00809-23	0.6327931815323474	0.7268638911716253	0.2754931408286279
00606-05	0.45213135509592495	0.26862479879184126	0.15059155778348768
00758-10	0.4422702183223068	0.4219553105340245	0.2159023381389036
00657-19	0.41142065515724785	0.34480519831845935	0.1574094570537339
00657-16	0.41124915082046537	0.3373475558317485	0.16560561613682906
00605-00	0.4586297656563806	0.28998585303465435	0.19010097511861393
00759-07	0.566650889701431	0.5289364404785609	0.21354918486842717
00809-22	0.6287864715910789	0.7333060565123652	0.28002953824958504
00504-02	0.5291458646149342	0.23556675527261547	0.1513125897563581
00555-12	0.4539398435286552	0.23331908336281512	0.16684300749725112
00606-17	0.43526901291744824	0.29791352247260755	0.16276353742225147
00808-08	0.5422665390598558	0.5427014883408603	0.26544610200897467
00451-01	0.6538087136440484	0.22854874799161842	0.22578831710529576
00553-13	0.7583982397914637	0.3666716195330122	0.2735868753966455
00708-11	0.5784068271710662	0.47433453115834273	0.22322197151386278
00604-07	0.7424156178627558	0.39964284631333796	0.2532196922658366
00810-03	0.5315852443351248	0.6121717850363089	0.19804432751301304
00809-15	0.6248356891667789	0.7188518523617968	0.325784102940081
00503-22	0.5076658382206871	0.24800898331227927	0.18361540409706395
00656-24	0.415785319942367	0.32956466905040815	0.17334836116713392
00707-17	0.44613893946015415	0.4059148354954168	0.20689489667372418
00758-16	0.4271061492481138	0.4514023544337834	0.2166098126772271
00504-14	0.5136248255586048	0.24119572361827027	0.17526369546182227
00502-15	0.775475079812703	0.31862907261654244	0.26935798587243215
00655-11	0.7443280864933096	0.48992394008382734	0.2792357179987992
00656-06	0.4268642491883872	0.3077262217505111	0.1827449568680592
00708-02	0.5812520080495834	0.4851474153362965	0.1854668693782436
00706-24	0.4564336209780195	0.392642042208402	0.22484687179659818
00451-14	1.1154535796892238	0.3510227586627278	0.2770270264450111
00605-09	0.4405594927218744	0.26203500458235807	0.19282208849098728
00757-11	0.6665990940318779	0.6134675338190834	0.28122995332100686
00553-21	0.5019907474141698	0.3141471566813189	0.22263770118120826
00759-04	0.5653774293920034	0.5392256145301855	0.19908192760765053
00810-13	0.6435651580176804	0.7114597698915862	0.2641576955533123
00708-24	0.5751486040451926	0.49954670555324776	0.18564718446235354
00656-18	0.40223560897928573	0.33749457610198247	0.19000120809401855
00554-15	0.4824889195363316	0.2846760325628721	0.2068147805494304
00808-12	0.6270492814407904	0.6851745202672577	0.28593157261324037
00606-16	0.4447754385082747	0.3020039415256532	0.17628657970857375
00554-01	0.49415159601766284	0.2789985886680531	0.17914527989727833
00808-16	0.6087131429920133	0.709610780113229	0.2804134412417023
00809-20	0.6213941372360785	0.7390646176331074	0.2929113444609439
00759-12	0.5527111176863153	0.5459351290296199	0.23552865485768718
00655-21	0.5066658742575348	0.41021651074099363	0.2345189316835765
00757-04	0.511223024011944	0.45454982121323423	0.24222452831847296
00604-16	0.7275586932423269	0.44731511041277294	0.26992663541485046
00604-03	0.5899308659069764	0.3609127462267936	0.22830361739059846
00759-15	0.5427643455536005	0.567536345602943	0.23387861083252157
00452-08	0.5380026999658407	0.17815265329206145	0.19918948321019628
00452-05	0.5426355004617088	0.1812522590271786	0.187593826594938
00656-04	0.4251282046881329	0.31266045033305706	0.17645298462754536
00504-24	0.5236063122138956	0.2449479860838843	0.15137519844796332
00502-23	0.623054822199806	0.28149415730906185	0.22749627640265047
00707-10	0.4617122729491586	0.3741833466554663	0.20960038030052952
00657-13	0.4184412061356092	0.32511881475238374	0.169416739563391
00707-09	0.4641334048316709	0.37138519175162327	0.20624225668222237
00656-10	0.4180900289959448	0.3079250469480941	0.19560354217840564
00655-20	0.5053918018135316	0.41200553155695957	0.2387113543418521
00604-08	0.7432936609349148	0.4011640854249895	0.2587863095699483
00555-19	0.45142456979254825	0.25883886110057264	0.15554964396299298
00555-06	0.4618122153199136	0.22242443700352627	0.15148524989814297
00759-13	0.5494136628634385	0.5528948067352206	0.23656137327460228
00555-17	0.4498593389656443	0.25512517799199624	0.1614307350751196
00707-00	0.47957941932267917	0.40634217233734443	0.202961382815112
00656-21	0.4071141762823976	0.33839320724000593	0.17960603605503714
00707-14	0.4510281425101819	0.3928891948839239	0.21407134952144288
00555-14	0.4513473063317178	0.24303334177793656	0.16714164410742335
00808-09	0.541284450828794	0.5454782438478987	0.2705493101874605
00809-11	0.6423869254426628	0.6860532764864556	0.32497754377772115
00707-03	0.4643261808503705	0.3817827886451526	0.18538597441392857
00554-22	0.48678381491290273	0.291686106617486	0.1833310365010372
00605-19	0.4293783882312599	0.29701955057156043	0.1863191858201253
00759-10	0.5599262806285618	0.5344948894992139	0.22928614902414346
00504-13	0.5153035637495442	0.23633798919043478	0.17574317943612142
00451-12	1.121445506717841	0.3342049963162476	0.27656677150820497
00657-17	0.4098557631418795	0.3401068929671082	0.16298583380997428
00657-10	0.42850771257670334	0.31474846303869775	0.16582282359682052
00451-18	0.7933365220793924	0.27553588176934335	0.25513446994243305
00808-11	0.630903202338976	0.6783900072156762	0.2835224440684397
00759-20	0.539713306200542	0.5839536480289957	0.20936288876074235
00553-04	0.5178261318627955	0.28580843466439804	0.21988053797451992
00451-03	0.65616394752833	0.21854565098096995	0.22781214575393463
00606-18	0.43616639018160225	0.30078054697195555	0.16018725297029884
00555-18	0.4500452230489562	0.2574514686293586	0.15861833222516744
00707-08	0.465402421574872	0.36972102379521227	0.2023084063917207
00655-04	0.5663810726967601	0.41088845226992426	0.2308717783450224
00451-10	0.8478268399553527	0.2573913522965477	0.2649302098246271
00554-08	0.4971886297533457	0.2587008885834594	0.19765215071738848
00706-14	0.6929898366674297	0.5700443013329198	0.28293922602367066
00757-05	0.5127891504316509	0.4504678830556892	0.24584939081497426
00808-01	0.477299277587054	0.5276463237731096	0.23937370001082348
00451-23	0.6490026560233723	0.2380323621781153	0.228107121322066
00554-17	0.48088616846303134	0.2922295211990601	0.20112001423895848
00657-11	0.4246082004948455	0.3170137469593151	0.16755130229454795
00757-14	0.6547441586961521	0.6340239647131634	0.2840158846138869
00810-02	0.5288162664361886	0.6197106615603638	0.19619123297343452
00808-21	0.46494444017750297	0.5468546766036193	0.24913042429899093
00757-23	0.49750079150092874	0.48264273320322704	0.23954364489808358
00708-16	0.5628439020265885	0.5066455202158939	0.2205662819358073
00810-07	0.536068174426213	0.5952108879536459	0.21625094597640168
00656-00	0.43622210703906317	0.33696051786958314	0.19082558360980428
00758-02	0.4426352819010294	0.43563626979429965	0.19007870425442253
00502-22	0.6209205188155652	0.28570522489549505	0.23021972513366865
00453-01	0.5521486392187145	0.1999817638678486	0.15091263517813047
00555-04	0.46259008705756266	0.2281000649749735	0.14663973774946926
00655-10	0.7465085851491284	0.48350362692158916	0.275365375397163
00809-21	0.6242643557184964	0.7367932337443234	0.2859896186641077
00502-19	0.7662623980702881	0.3293884628583688	0.2509408238108288
00809-07	0.6544862450373022	0.6731167137555439	0.29919533576344554
00553-18	0.7433950345199154	0.38961105326881523	0.2573508455327897
00757-15	0.6494589509686454	0.6395492856100066	0.2818052758916998
00655-05	0.5682932672934855	0.4073346643273531	0.23438101539030173
00759-14	0.5460261750239923	0.5603973956121515	0.2359433365380404
00453-22	0.5425041393695809	0.21162572995497603	0.1541704135782879
00657-24	0.42226529380059546	0.3340371914366325	0.14653413781285832
00757-22	0.4954921087296608	0.4880367164863628	0.24288093178247114
00810-23	0.5159920324373188	0.6400550698961174	0.1984981019125411
00553-09	0.7643809422613388	0.34326385336042015	0.26150687712379167
00452-10	0.5338468749264558	0.1817623320239041	0.2062435567068758
00502-01	0.628169854706977	0.27147621518913345	0.22524616453396054
00810-19	0.5035991130472324	0.6486399978618277	0.216762292765777
00708-06	0.5886363343574826	0.46493747297428106	0.1989339354643923
00656-02	0.42089901397640483	0.320567016501803	0.17298863987025045
00759-06	0.5671892283229654	0.5306494924728019	0.2080126809935723
00504-06	0.5312946662746474	0.22140416124045115	0.15938067984820922
00555-16	0.45012343510445546	0.25196981132080754	0.16396672990586167
00606-09	0.4478020179350481	0.2664825015455394	0.16221184009869388
00605-11	0.4368408337309428	0.26797850059587586	0.19832568412292226
00657-01	0.42585302780290996	0.3301982594389753	0.14620818225450183
00707-06	0.46786776783096107	0.37168541775458974	0.19434488818240106
00808-17	0.5181522437107545	0.5891094396305134	0.27227929656725275
00758-14	0.4314318741646163	0.4417306891164306	0.22070207526527227
00453-07	0.5532261692413196	0.18128737142072196	0.16289519598217383
00605-10	0.4391334613526589	0.2647335732716402	0.1959789961451035
00451-24	0.6512080043820816	0.2335737025475394	0.22635102355506256
00708-21	0.5657571353594739	0.5148009159361387	0.1950397103162232
00706-22	0.4506045431525682	0.40095117074797765	0.22929696945820072
00554-16	0.481159175705911	0.28868299709650747	0.20433224869086994
00553-24	0.5084922979491284	0.30324750726750993	0.21512902593068559
00555-24	0.4583751540141159	0.24639880456323876	0.14442202313759747
00554-04	0.499425239686465	0.265629338019231	0.18343138521028515
00655-24	0.5153816896657316	0.39854263598174655	0.22617727676500263
00453-05	0.5552267105295801	0.18404224603277172	0.15647947273746235
00606-12	0.4413135190026035	0.2763957411082211	0.16818822466344482
00757-08	0.5681178580064492	0.48217205248716033	0.26216410489080394
00757-13	0.6587411091949599	0.6274196300473924	0.2846188644354204
00656-19	0.4029164005740263	0.33884936353346895	0.18633834262455873
00451-02	0.6557173164062869	0.22375322336528	0.22622166024048546
00656-11	0.4169706582825947	0.31220705322977077	0.19859887364190754
00759-16	0.54016268101637	0.5734397401174628	0.23028987939821388
00809-03	0.6499801563681653	0.6932326211560167	0.2746730994909417
00453-02	0.5545049917737033	0.1954210423929251	0.15127576295915887
00809-04	0.6534111559897829	0.6858904798158916	0.279262560475302
00708-12	0.5749500323893694	0.4802065091098376	0.22563492165690696
00706-11	0.7052459181719261	0.5496656894680809	0.280283828977678
00503-12	0.509259306631511	0.22822940208933493	0.20923495820541407
00706-09	0.7098225625332256	0.5387839061515856	0.2719115819123175
00656-05	0.4267129403880055	0.31012758273163316	0.17953891768334268
00606-22	0.44147108823725384	0.29789649404504187	0.1488199746037037
00706-18	0.47173944945516966	0.42322769585382825	0.2468137350665425
00707-07	0.4678403302294672	0.370691920647779	0.1984103765825706
00452-04	0.5413798531877719	0.1837700266980847	0.18430475259140316
00502-00	0.6551329698869713	0.28212512066636847	0.24817886444239898
00808-00	0.497743675926253	0.5448461373186677	0.2635512317925821
00554-14	0.4850879445190358	0.2804505418450625	0.20861150052566402
00604-12	0.740616292433866	0.4225985219837937	0.2754561298603221
00758-00	0.4575499604523182	0.45473110596050903	0.20910166426582727
00606-19	0.43711296795182636	0.30206546871613194	0.15704336952426864
00504-01	0.5259068038105003	0.24001273425207276	0.15085691378319058
00706-19	0.4460305170921546	0.4056817106107397	0.24207245438212
00810-10	0.6573661169884829	0.6891707577118649	0.2560731193962208
00606-08	0.4488577207395302	0.2649166423968823	0.1591927239923613
00707-22	0.45158676396593367	0.40600243986155227	0.18806488686172393
00604-00	0.6119069416244641	0.3850718305018345	0.2488942282477747
00758-03	0.4451477936265646	0.43065887846567685	0.19152002927986791
00503-24	0.513400705727563	0.2406277827357534	0.18000204955605598
00606-07	0.45051123367291007	0.2650037875309687	0.15616853046666732
00809-18	0.6194305422708366	0.7371409722535841	0.3083514844501983
00758-23	0.43372062600253947	0.4508470739101349	0.19170593304722328
00503-01	0.5157857473498781	0.23604466371260777	0.17957038106298345
00553-08	0.763083173921145	0.3399727076662028	0.25569129932133877
00452-12	0.5293229519297533	0.18906706351685454	0.21012144633629745
00503-02	0.5184056165181453	0.23149900402795467	0.18022186571605384
00555-08	0.45927650987455226	0.22134323520533478	0.1576232501945023
00759-01	0.5569227791057053	0.5600974629003478	0.19362332434850657
00606-23	0.4440296371210894	0.29469850237084017	0.14718457692723041
00706-06	0.46699424407535006	0.36657298872736477	0.23638182079392453
00809-17	0.6211278903407289	0.7333856667436834	0.3158150501887407
00809-13	0.6336971033139883	0.7020511964242347	0.3292108571624958
00503-14	0.5048279483944005	0.23727951129866134	0.20904665692912217
00808-13	0.6219774089544472	0.6923392994912263	0.2871098567614957
00451-19	0.7922187656709452	0.27633192894136765	0.2498188731278444
00605-24	0.43792549000635056	0.2854633549620211	0.17278495326727897
00657-02	0.4287948173383394	0.32591857822696385	0.14661813715509306
00808-04	0.48542288320560895	0.5103511159828054	0.24440710042042277
00757-03	0.5089900261017153	0.459597191002847	0.23935742441421348
00453-21	0.5401773871441452	0.2142928728167607	0.15670186757168364
00605-01	0.43962575210545163	0.2805447724461415	0.17221654256812977
00657-20	0.4110935364955325	0.34368991371413515	0.15403471861710913
00759-21	0.5418194719276829	0.5818479801175013	0.20403632018445106
00452-17	0.522015704174591	0.2085311532832917	0.2023197015995759
00503-11	0.5121409320496976	0.22430988685161254	0.207913169659589
00757-24	0.5009371671206752	0.4773852649658391	0.23765464322468308
00808-22	0.4674092683091417	0.5435912434473255	0.24513967997714983
00759-09	0.5626964227144798	0.5307493318371317	0.22452090187441404
00451-00	0.6804109599813121	0.23727671754725	0.2485191048179815
00655-07	0.5704352100671735	0.4046700175427913	0.24369104876866574
00502-06	0.7832647776859001	0.28181536837207005	0.24382508322513916
00758-04	0.4465869326668642	0.42577670177110694	0.1936756993234187
00708-13	0.5715558870129457	0.4871487631399223	0.22660428791927303
00810-20	0.5047245811835126	0.6488229603005685	0.21095666656022288
00502-09	0.78666475500747	0.28537297820096147	0.2602837100591669
00502-20	0.7652881397599371	0.3279921687097931	0.24507802665098488
00606-14	0.43843320364321126	0.28600320704721616	0.16849155481217376
00809-16	0.621809152057674	0.7264561138360063	0.32117643350584696
00451-09	0.8480817430808328	0.25411282878753466	0.2603529473518079
00708-10	0.5812481461128146	0.4689907587841384	0.2196013178242175
00453-14	0.5369386797190114	0.20131395744052813	0.1758251234963004
00453-15	0.5352468094047731	0.20554243786301593	0.17442654155533732
00708-00	0.60189002234592	0.5097830418165544	0.2092154978263665
00758-24	0.4369537443542457	0.4464290890116021	0.19019476845858055
00503-09	0.5156117618125878	0.21809317705888173	0.20201392379242353
00452-21	0.5285441363554768	0.21065272769681204	0.18734017889836094
00555-20	0.4521806029140132	0.2585865729267271	0.15244165217008487
00453-13	0.5388443062067793	0.19670366829994346	0.1763906999142434
00707-24	0.45741506870700516	0.3977425695333656	0.1840620771085719
00453-17	0.5345001614113547	0.21263124260598268	0.16970620796962968
00706-01	0.45913386673252854	0.3875452102062536	0.22415295752216166
00503-15	0.5031112762629116	0.24176912237762946	0.2075418948891437
00605-16	0.42952272741706427	0.2905535023009798	0.19659764993178713
00655-02	0.5207464019143841	0.38760214136849447	0.22602597676617178
00759-18	0.5383210033779963	0.5824466043058956	0.22061551784919142
00706-12	0.7013881349040054	0.5563481263115031	0.28260459280018124
00555-03	0.46272494322806673	0.23253364907167995	0.14515356755567024
00707-23	0.4543773219999763	0.4023784931937357	0.18572052014975085
00708-14	0.5683478124819065	0.4944132537496238	0.2261170033110592
00604-09	0.7438066360652187	0.4047152722998247	0.26443691532846497
00655-14	0.7020953370026922	0.5030522819235652	0.2769598125748538
00655-18	0.6884447160369566	0.5190082425328847	0.26111624912210074
00809-08	0.6527409836465281	0.6726106295828429	0.30685056648525516
00757-02	0.506642630577644	0.4650964007596278	0.2374199899214547
00503-03	0.5194966352630497	0.2268326897316325	0.18159348563565877
00504-05	0.532978780077722	0.22404500403578267	0.15657197370996698
00757-00	0.5251895274920854	0.48768411642048876	0.261252853909721
00555-09	0.4581056254568984	0.22273456535112898	0.16054587904873088
00502-03	0.6324932021093255	0.2614612258479101	0.22755982710293787
00504-00	0.5471319562111441	0.24873536200666466	0.16636120723749842
00451-04	0.6661179537760965	0.22640971144700944	0.23411714538628725
00502-07	0.7855387790159282	0.28173781229950706	0.24953024095333937
00808-14	0.617717590742586	0.6994442658679763	0.2862494254280202
00604-05	0.5929808324469399	0.35260532181076176	0.23462132463623336
00657-04	0.43265541785770406	0.3176047735190004	0.14916378859086488
00555-13	0.4521462963459142	0.23790600311214122	0.16724449626592885
00606-01	0.448304659166785	0.285739459960804	0.14563800486684994
00808-10	0.6336918389900276	0.6719343896973244	0.27965570380786553
00706-08	0.59482270899366	0.4240163857742756	0.2598597793063441
00758-09	0.44443192544737486	0.4189765704110253	0.2123459258351705
00451-13	1.119188085146929	0.3420283963849091	0.27772112580443636
00555-05	0.463060031072342	0.224940406563087	0.14882225119911555
00503-04	0.5207269895235433	0.22314697422432986	0.18395687256236254
00503-05	0.5213314520630036	0.21998649939824097	0.1869722035289831
00554-24	0.4921627186057912	0.28400279687116936	0.1797275386816545
00451-07	0.8454828393946934	0.25123315922016165	0.2499096623882852
00656-08	0.4245655172975667	0.30616211118214165	0.18991270138338975
00605-03	0.44228854957643154	0.27115189592983546	0.1738707939476583
00810-16	0.5055615526167047	0.6378904186907365	0.2322788780737158
00707-19	0.4467312313038729	0.41062242630773393	0.1991131405663285
00759-19	0.5384497411388164	0.5837992107313232	0.21482775210903074
00808-23	0.4705894882537939	0.5394807936227151	0.24227203467155148
00656-16	0.4039779451179875	0.3324101479893578	0.19659779870837935
00604-13	0.7379025473864892	0.4296683202177953	0.27648247929433895
00757-12	0.6629404425192238	0.62044801331923	0.2838737117001133
00708-20	0.563295440875362	0.5166159554628909	0.1999489808244199
00759-00	0.5799616651463552	0.5773430598269704	0.21849262913784254
00553-20	0.5005058291210971	0.31574866213471064	0.22647720916940361
00605-20	0.4299987361818394	0.29671979441884083	0.18252389242360176
00453-03	0.5547219487883682	0.19078630619314585	0.1522556878734869
00453-10	0.5474555807159871	0.18519343443687086	0.17263351296707213
00606-02	0.44905335245574896	0.28041424651194763	0.14584324466071016
00503-00	0.5354267521739786	0.24434493429766785	0.19843812393519067
00502-24	0.6250739044598824	0.27646787772771403	0.22556944404221413
00503-10	0.5135734418648047	0.22057586313497698	0.205239680514473
00452-01	0.5377356283016617	0.196249036544621	0.17994897953601022
00655-17	0.6909442895776712	0.5170759103480183	0.2663625492961108
00452-24	0.5355422702253548	0.2006272039926161	0.18039676369254423
00504-19	0.5120578303225788	0.2566670476415418	0.1627269909120527
00453-06	0.5554337522710094	0.1821403286123775	0.15961874152868213
00502-13	0.7825710356024344	0.30730527029544036	0.2725436662055611
00452-23	0.532789159202712	0.2046306430915681	0.18190838124487616
00656-17	0.4026623641774303	0.3353080271587967	0.19347716070056922
00554-07	0.4993671264454917	0.2591664843004694	0.19386781528027533
00604-24	0.5824121345867553	0.3774222461461018	0.22641812450752855
00657-14	0.41555520764824605	0.32935278139286533	0.16890456296478062
00503-18	0.5009965923675813	0.2509012751682889	0.1977904055662002
00708-18	0.5618725270616941	0.5155010359213213	0.21125754537533162
00656-23	0.412635646202443	0.3332027874818475	0.17469839549629412
00452-02	0.5399260349320859	0.19192638187932307	0.18052214365821848
00453-16	0.5349368278975751	0.20960505170249816	0.17237057208103435
00554-12	0.489395902062944	0.27073440127381093	0.2085487991142584
00656-22	0.4093067285530195	0.3358762670126896	0.1766027995604869
00707-16	0.44781813045807206	0.40289813430757304	0.21042759365813374
00605-07	0.44308522718651533	0.2606464276607142	0.18559865838691703
00757-06	0.5130897262339438	0.44775860653095073	0.2503989260003149
00808-15	0.6124256495272365	0.7044411291953908	0.28411217444557624
00452-09	0.5360778785631146	0.17949975551107186	0.2030071317820882
00451-11	1.1233042789708285	0.3267479861645953	0.27394445907999077
00503-16	0.5019511193648958	0.24575303027686843	0.20488317858853453
00808-05	0.48685576363641647	0.5062841810951456	0.24821477134113157
00657-22	0.41689294819902517	0.34149574814589234	0.14936901223980226
00451-06	0.8438370517254418	0.25133771227637774	0.244783902418756
00656-13	0.41160670617637524	0.3206362525885542	0.20089624055805003
00656-03	0.42329332207082815	0.3165957966504597	0.17442636342539472
00553-05	0.5182413346439261	0.2824255775437856	0.22319475056649613
00604-01	0.5856220380914339	0.37203430724666414	0.22592106627297273
00606-06	0.4509718362058908	0.2658823890295514	0.15305740139548865
00452-13	0.5276171894898375	0.19359844395435835	0.21069616703796432
00503-13	0.5071956302092743	0.23284815843226084	0.2096785322159878
00453-04	0.5554090301774055	0.1870647572187379	0.1539793745685434
00706-04	0.465901425141064	0.37277809972349263	0.22898572068543527
00810-21	0.5076906172098419	0.6472174580520396	0.2056666711402414
00502-17	0.7705774376813285	0.32704920757583866	0.2615026248310862
00453-08	0.5517621390589239	0.18140740347917808	0.16626663235986736
00657-12	0.4219391167577195	0.3212649063289153	0.1690429472255833
00757-16	0.6885954268118173	0.6838063006216663	0.3272943400198524
00503-23	0.5103615308744912	0.2444928232221912	0.18141967193867062
00503-07	0.5204269521039084	0.21705969995399937	0.19482735376719149
00757-07	0.5127044426991068	0.4466562592510804	0.25531011987491414
00810-00	0.5472331305383269	0.6451150494875912	0.22076112681703589
00605-08	0.442115687205285	0.2608001265441704	0.18938384973518904
00657-09	0.43033739057038023	0.31231293155625406	0.16313441091449812
00503-06	0.5203701641371673	0.2175278198760319	0.19053176334071487
00606-21	0.4394795233449738	0.30037777377123326	0.15113009905828012
00707-01	0.46011574622909895	0.39243218800698254	0.183534888174313
00553-14	0.7557732655561625	0.3734907383062828	0.27288213489856555
00605-12	0.4356989178402689	0.27253575463536567	0.2001217039304529
00810-24	0.5204865941186658	0.6339575767494504	0.19658830675419814
00502-14	0.7790498559989636	0.31321889306778944	0.2717501546807624
00451-21	0.6440068426189386	0.24444839834182094	0.23442864191627408
00706-13	0.697473300703666	0.5636173013322026	0.2837227498347896
00555-10	0.4567171845282275	0.22516050598040602	0.16326710914482115
00808-07	0.4871021204649665	0.5017727848644306	0.2575570661188849
00452-22	0.5292591165729384	0.20764029599201386	0.18397598852396094
00656-14	0.40821675595760737	0.3243462091884763	0.20017447256600746
00502-16	0.772901683202478	0.3235096890352943	0.26598957119965955
00655-13	0.7059781678860724	0.495948146931386	0.27758771485011063
00605-17	0.4287853432566983	0.2935125112471674	0.19351962422235738
00502-21	0.6196460154772967	0.2891037845686968	0.2341685162722481
00606-03	0.45010701660240965	0.27573671298473296	0.1466575142909001
00451-16	0.8370619163482487	0.2891541184835911	0.26584188349993915
00707-13	0.4532277553465505	0.38750210561365034	0.21441133813849503
00452-03	0.5407653419430484	0.187467475922179	0.18205204579356768
00502-05	0.6364887113138636	0.2542609407182574	0.2343951524006017
00757-09	0.6710876346999779	0.6015739514654546	0.27252962113836493
00504-08	0.5281481726562487	0.2204442505070072	0.1658846005842433
00757-10	0.669063156618942	0.6066086853374961	0.2773035464644533
00451-15	0.8390104314410219	0.28454192752738716	0.2690222458146325
00604-23	0.580157792081922	0.3826480139218317	0.2282145500672281
00503-17	0.5012507887832036	0.24892835837722926	0.20165543604543087
00504-03	0.5308501298317491	0.2310929025524229	0.15236383011212154
00504-18	0.5110368924802021	0.25552047991328064	0.16595405335984187
00810-17	0.5036716075151838	0.6429502123811677	0.22751395860836718
00606-00	0.46518451068272754	0.2941663691766026	0.1597522248884416
00706-03	0.46394455733944895	0.3769723019560282	0.2263894130707724
00604-15	0.7306834827643306	0.44224719779923327	0.2735075542552443
00656-09	0.42214901967875695	0.30684291177088596	0.19315657622768756
00810-22	0.5118133554079592	0.6448498410220302	0.20162917134886074
00451-22	0.6465376812626398	0.2417093094132334	0.23087594082935806
00553-23	0.506463163989237	0.3078484632187169	0.2167535801184165
00504-23	0.5214871547066544	0.24931113583614678	0.15252535677019596
00706-16	0.6848604665734417	0.5816053052655903	0.2770896285639435
00452-14	0.526066642988801	0.19807232584146786	0.21002408749325682
00707-21	0.449056196545999	0.408476118057378	0.19115566172081883
00708-17	0.5616252802944376	0.5115801563753665	0.21631785057263356
00759-11	0.5561249028910391	0.5395172908805131	0.23310940956025125
00502-04	0.6332105796021266	0.2570016904919632	0.2300691510690154
00707-11	0.4588567792355142	0.37790374892196954	0.21214667936343917
00810-14	0.5110977387586767	0.6238661555517047	0.23759330774074142
00657-18	0.41067660921166893	0.3434349220770094	0.16036861476763142
00656-01	0.41860278000054096	0.32517576920757163	0.17276833661517
00656-15	0.40595667999835106	0.32883209278749365	0.19876316110420464
00451-08	0.8474718718794129	0.2518656057995197	0.2552502689072699
00554-03	0.4983972510430084	0.2698863653579437	0.18122064275555072
00554-09	0.49537973223921994	0.2601453538970051	0.20130564524304265
00502-10	0.786829897398328	0.28944748683399907	0.2653522023741821
00604-18	0.7217572107886726	0.45244989434726346	0.25992990660688065
00706-23	0.4535963177758336	0.39716953958580786	0.22672458410916105
00604-19	0.5762218644327963	0.393868250624346	0.24426092497254692
00758-21	0.4281949609824039	0.45752737174487146	0.1974511482395889
00453-23	0.545502780657342	0.20828545866943696	0.152395764806433
00553-01	0.5112856890339962	0.29877874128700793	0.21487877830008215
00657-23	0.4193340604957006	0.33795761773322325	0.1477035294003897
00758-12	0.43705491327608037	0.4308426435485287	0.2204451578450984
00604-02	0.5879150699415858	0.3660946405318763	0.22646764196609256
00810-11	0.6529582931579442	0.6956261664219536	0.26055161169576413
00757-19	0.48985362322496495	0.4930712823192061	0.25661406282801524
00707-18	0.44562693923662267	0.408626319751354	0.20309392479680097
00606-20	0.4383136367621535	0.3020409422296263	0.15397996311721238
00707-04	0.466369195402805	0.3774779188837682	0.1877796146610681
00708-09	0.5835259406697001	0.46512052244745955	0.21501189388307151
00554-06	0.49995662760784204	0.25995661878196885	0.18994229597620782
00657-15	0.4131660088117941	0.3337423173792423	0.16774583402235071
00758-19	0.42543885686048916	0.45902996226052534	0.20525104287934448
00759-17	0.5382520855382813	0.5783357813293976	0.22549310214820478
00708-04	0.5865320769072588	0.4727482124887903	0.19009130696339116
00503-20	0.5037649923648713	0.252143837709266	0.19014472944665992
00554-19	0.4811063879365974	0.295397809607318	0.1935639930075286
00606-04	0.4515031883073457	0.2719254453815199	0.14830099143020273
00553-03	0.5156049809057278	0.28943639751723105	0.21716487054025713
00453-00	0.5711534564553294	0.20707450907681513	0.16624882694933255
00553-07	0.7631817429308497	0.33915994346737854	0.2505877642477687
00453-24	0.549100710701942	0.2043787575763743	0.15125765021065993
00759-05	0.5673222937429684	0.5345537196633762	0.2032188456271522
00758-17	0.42593489164312304	0.4553109969838655	0.2132714993298022
00604-04	0.5917504231676713	0.35624757658480266	0.23102307219734924
00706-07	0.4671968899845446	0.3657996728970503	0.24098399179879673
00453-09	0.5492746259366363	0.182641557132643	0.1695220271983929
00502-18	0.7675362810032558	0.32879641687647837	0.2562909660580514
00808-02	0.48041418153002524	0.5216430158431294	0.24001101458812904
00657-03	0.43121232241120633	0.3214972060726181	0.14760030531476634
00808-03	0.4835506258424244	0.5159759122543904	0.24188044325662106
00605-15	0.4307728591897061	0.2865735744010027	0.19897524986258414
00757-17	0.5949745631103168	0.5684565980232346	0.3161016148901349
00604-11	0.7423869099959214	0.4159917640234166	0.2729812869369774
00503-21	0.5060654274346282	0.2507228153978707	0.186614234722259
00605-13	0.4339956741980016	0.27724881135134094	0.20064914781388504
00553-22	0.5039194249351097	0.3116373618566066	0.21934485910690235
00554-05	0.5001726035292764	0.26229593406890966	0.18648964996416476
00758-22	0.43102057791869997	0.45502390045318875	0.1943059897965516
00759-02	0.5593068618820721	0.5520163723756458	0.19411718536148687
00810-06	0.5363447449811627	0.5968697080177409	0.21026353379311322
00502-12	0.7851410683594149	0.3010204567707748	0.27151770397040337
00657-06	0.4336941578398052	0.31215407576378684	0.15397172057171415
00707-02	0.4623705066236371	0.386842584432399	0.18398544350292034
00706-05	0.46740073124323095	0.36948110480441254	0.232570624854066
00655-01	0.5178013043292993	0.3928666336242969	0.22533410297473325
00504-04	0.5315464508469822	0.22679980379792805	0.15407238051668282
00706-17	0.6810164770252174	0.5845098405398339	0.27245549442740086
00655-23	0.5121982150013941	0.40335466801327485	0.22782225689138044
00810-12	0.6479855569528736	0.7027237162415748	0.2631247103062707
00656-12	0.41445815317040335	0.31621785506116423	0.20021730251947895
00554-10	0.49289671946607816	0.2624117770382451	0.20451586920073453
00604-21	0.5768475491595694	0.39076468454074	0.23486625621117851
00757-21	0.49262485499965636	0.49110648373894017	0.24691357354421006
00810-18	0.5033909783557028	0.6472749277344935	0.22241127155035628
00809-06	0.6550531447099559	0.6749293847951454	0.291666058574804
00707-15	0.4486695236271516	0.39773937360695844	0.2127251960250822
00708-23	0.5714034215417011	0.5055681809765329	0.18775863178421745
00553-12	0.760707216311953	0.3598994810006191	0.272454240953511
00810-09	0.5312863723653902	0.5962689755956226	0.22698668872088287
00758-08	0.44579872314740465	0.4173799765468829	0.2084700745602149
00758-15	0.4289735088408349	0.4467871106908859	0.21908204226478312
00554-11	0.4902989423831625	0.2658526229019647	0.20678641932914352
00553-11	0.7633933862275	0.3538319299892002	0.2699720591896473
00708-07	0.5874873759316213	0.46301627336045514	0.20438324152545406
00504-17	0.5093141829972897	0.2526309450591773	0.16904699501372966
00810-05	0.5353321554368975	0.599910994587828	0.2052415288837181
00706-20	0.44660806603927466	0.40527476723331296	0.23729214698772863
00553-19	0.7416319308823233	0.3898906381956801	0.2515618043012381
00605-06	0.4435112979472966	0.2615485612535961	0.18184058610560744
00708-15	0.5653821711517835	0.5008736042548807	0.2240367337152192
00504-07	0.5293834562149584	0.22009258900614947	0.1624970987070868
00809-00	0.6692949830401856	0.7317403596317561	0.3051557549987181
00758-20	0.4266277238774612	0.4591410809160445	0.2010828016222733
00809-01	0.6426293294335437	0.7105443687380101	0.2715275958649005
00553-00	0.5350022505494846	0.3092866434437269	0.2363489549039332
00707-05	0.46825834147967	0.3743446830094146	0.19100152756182584
00504-20	0.5139531379460938	0.2567366675243314	0.15964092221034723
00708-01	0.5790512238407117	0.49270085983403705	0.18492493867406443
00809-24	0.6379382995193142	0.7192008929333662	0.2724107798562168
00708-19	0.5624708375356133	0.5169385091503169	0.2058910830105926
00706-02	0.46224482924852484	0.38231589968981994	0.2246888321102374
00504-12	0.5181532550267812	0.23179953149305685	0.1753914853847168
00555-02	0.46176423392192834	0.23701712887811774	0.14424736169252336
00605-22	0.43413533634160184	0.2932479305462891	0.17643798931477947
00555-11	0.454888102054641	0.2286590809842476	0.16534633914552316
00504-16	0.5103256467079605	0.2495202699034566	0.1718024523378862
00655-00	0.5387967004505263	0.4064008126949101	0.24843361288770394
00810-01	0.5247904534782145	0.6266724066082106	0.19558383368265647
00452-00	0.557624473165323	0.20328155475586018	0.1990033403644358
00706-10	0.7075755684140416	0.5435751283674191	0.2764514387131199
00758-06	0.447191186205261	0.4187498963894843	0.20028298055726984
00604-10	0.7430935722250991	0.40958800653889055	0.26924584937413915
00605-18	0.4292757588461203	0.2962477300897072	0.1903272061296478
00657-05	0.4342928988562802	0.3149315767995958	0.1514210274254196
00605-14	0.43232676976687223	0.28207292775435266	0.20023361346110233
00606-13	0.43872481946345815	0.2805605485214029	0.168523610662818
00655-06	0.5699012227642409	0.4055447692286662	0.23898549314695244
00656-20	0.4043576778864034	0.3389527081385259	0.18274065796147
00555-00	0.480319216188761	0.2506321216039807	0.15855055734363724
00502-02	0.6306429451104614	0.2662599839099122	0.22580343047254484
00553-02	0.5136638153492139	0.2940157294175763	0.21537178210666472
00502-08	0.78645723832984	0.2827848926086717	0.2550870897557531
00452-11	0.5309386649457439	0.1849473654815875	0.20847254700015658
00504-22	0.5187701773110327	0.25292848492703135	0.15420138682695306
00504-11	0.5209979159304	0.2278745345402971	0.1741132016939958
00708-05	0.5882042137273721	0.46828487421987786	0.1940576518312191
00809-05	0.655785763752383	0.6800911555242307	0.2844779097010839
