1507.4172855496072	722.9953166992711	1359.5268982128698
1558.0168777783845	600.2660347987504	1231.4395511678924
1479.5755031528452	782.6830805189776	1280.973126175786
1344.0508834031443	993.2286710727033	1313.9341212568195
1386.490236141472	930.3087293325946	1368.1164872804684
1453.3659725657624	824.991339592449	1318.608969143033
1449.5460456197845	832.6479712410878	1205.9333944171285
1404.383155344946	932.5802856163117	1272.3911775600338
1486.6282265137795	767.4561078931719	1264.5358592461387
1432.5342235542882	858.050658892023	1234.357138021932
1404.7080606798804	902.479982162424	1191.206390154333
1579.0804709405043	552.0491121615158	1243.1202821714237
1386.532926172989	930.4315526055664	1177.3805783626706
1527.656513168123	671.9751636120645	1367.471332191824
1382.1621050999397	936.2345287448966	1180.1509760248678
1379.311616997427	941.7382006560139	1293.7618264421105
1398.5781881042717	911.5837183641436	1364.863481386014
1510.7947271950864	715.079846506973	1338.4893472331432
1464.2434773787083	806.741311420119	1243.4188379102404
1507.3912396643148	722.537108041364	1293.0616548089658
1417.0664870547369	882.9034482278203	1184.7364814475443
1341.4751637283182	999.1017395869387	1227.2598605858195
1563.2439588039072	588.0750848060584	1264.6008065141534
1549.407195765816	621.3682282029836	1243.9403327646419
1518.0576626226816	692.1131506360764	1364.7599350654896
1369.1904412683132	958.0462943063005	1213.4798753488349
1560.552750071506	595.2931304007016	1293.1487480297458
1492.1621164606638	754.7189789724947	1231.3539469958414
1514.9425561689593	702.627446776513	1324.53732232761
1492.4136259740492	754.8515786375063	1246.5724064836809
1583.997924111354	538.0843031097712	1313.362391421619
1486.401642682163	768.8809367665823	1338.9013539375774
1449.675789484138	833.0709855733968	1339.1610533149287
1337.2045270800818	1005.4850612219377	1213.655405543913
1570.0781805733857	575.497870650787	1287.3992266317498
1533.7531514565235	659.6248613760448	1227.0862648393247
1337.1230791229816	1005.2675732320369	1280.931837355624
1568.8425163714887	578.3657978252263	1280.4508346231523
1472.2395687126536	794.7798995639527	1298.7763657514374
1441.9426260042867	843.0533486898792	1190.6201284553308
1424.0863402359146	871.7699052200608	1310.420867924874
1541.4945703561402	638.0851807163139	1323.7833795153606
1353.5379438009825	981.8717119821206	1235.5916950297549
1495.542648984338	748.4300467439654	1243.886780383982
1417.1877988640974	882.5963585595143	1293.5964992657152
1353.9417479081155	981.95873383467	1302.2991837402888
1460.739532559674	814.0288044873607	1177.6344482295947
1450.242479689298	832.0337306142391	1214.131590731648
1513.4296600259934	704.7212819828959	1198.3750448868816
1476.1183320410746	789.4797821573117	1318.5309701813896
1435.9708865495818	852.5262937809761	1313.5441758171694
1513.2126739284506	705.8294543094186	1272.9462091031241
1479.4471689045356	816.3973657264596	1339.4154348714587
1516.835794701924	698.5333076992133	1318.4448089310288
1499.2088111851444	741.9743665911352	1368.2665417142446
1587.7423566541706	527.9687931958478	1192.094415670934
1457.472668146865	820.1385786772424	1232.1896225015996
1472.178343871953	794.1230330613473	1314.0499078703644
1498.7069869920945	741.3949125762897	1301.8927567792653
1510.9759898513232	714.7736212052911	1272.2637986220832
1525.2293983653299	678.7716171191843	1243.301724982975
1398.3462758909004	911.6170947051639	1313.6450379670284
1337.511857444362	1005.1806814244704	1332.09446810422
1345.216547967454	994.2181600535771	1298.6250608989849
1536.1120440964592	652.371236422126	1265.0213557693085
1571.992046944883	571.4197594764629	1227.386513830034
1479.8564973183768	781.4686156107297	1273.4072900705642
1576.443003878419	559.0898115948216	1244.2714596044277
1412.7504080540614	888.9586830919558	1264.8235095779908
1417.2902701313628	882.6971630581086	1251.3649830829008
1441.4822529631233	873.5629170482746	1338.9887812660425
1568.1167823026037	621.4235492566203	1338.4706295828191
1541.333990764954	641.2726948799252	1205.2083966887244
1525.3580808081613	678.6246195157495	1176.615420207339
1391.13806690566	924.2923529310115	1302.4477669288829
1441.9222270114374	873.4318074418408	1205.8103403372875
1562.1915868679052	587.0981044983109	1338.6888830186651
1443.6197082875613	839.7345325999726	1338.8545131884828
1420.527894162075	877.5371971511844	1298.1719441378152
1443.4642075324984	839.1626071254515	1205.5498112035123
1541.1261548551379	640.5955518026487	1264.890835903605
1554.6173190447553	607.5451666755769	1310.3411453681072
1365.6738160349194	964.4896012446459	1360.2181195508635
1569.8716520887294	575.6394379609268	1221.2909725949798
1358.024353211893	975.4312357218469	1310.9198132534061
1369.513834080126	958.3033444709687	1331.1866931060365
1579.5818823582395	552.0004678139825	1236.14865500092
1406.6687282489413	899.3860749795227	1339.3647748427793
1442.6964212224595	839.8711394380229	1213.2250878601862
1546.6930260304223	627.4860553907218	1180.3212471958054
1487.830612885501	765.0541671534696	1353.880710692803
1428.1922308192331	865.0303387876236	1309.5012815230941
1394.8259481579073	917.244273694773	1234.8059519674225
1427.5147551119599	864.6169539392898	1243.145349814307
1498.773678571177	741.5769307968702	1235.2432423572411
1339.2390755521365	1003.2717374538711	1257.8384451471375
1441.7203770767637	842.6686535560668	1257.5581891677164
1586.202895169708	532.278917850319	1227.5788672971391
1528.042601870219	671.6569714019342	1301.465748022794
1405.8547693891323	900.1120323045332	1331.4935836129905
1475.5996264706641	789.3769831882174	1360.3679335146721
1487.5409234368296	764.3165006297739	1257.6822515579058
1468.6501525909468	800.7468865750939	1310.822519916773
1468.5788854881196	800.6716219451683	1301.8973228353086
1475.4784679068246	789.1924776339732	1294.3163191682477
1489.9940064672064	760.6141340105055	1318.090167693118
1532.4369160655049	659.8424643473975	1359.9871853084176
1432.2491057141165	858.397536353474	1310.5225325080285
1509.0940584265434	718.1118414227166	1287.2649413606794
1495.7758995138024	749.0290947835692	1367.37213216452
1441.2543985189998	843.1330772733461	1324.12789476162
1572.0661285804945	570.9266167504456	1185.619637965908
1501.7469375841738	734.7627678869216	1366.9185447938135
1374.735866709299	948.6950095274537	1339.6155788961378
1524.4574360467268	678.7251075786066	1368.7347228061856
1428.3792823444662	864.7845962384603	1368.556936513173
1531.07513186124	665.0526676265629	1231.7370809734864
1386.6297303884799	930.5061055893982	1301.5409626708743
1492.8785228792376	755.1974273229011	1298.0984609879881
1485.9231562574148	768.1228072486358	1272.6447585969024
1533.6835670554512	659.8516227326044	1293.5977254506377
1443.108291332533	873.7522341506944	1272.532274372973
1545.76101444199	628.3549737415393	1313.3362860139703
1498.808406566552	741.4655108183493	1242.8071892475512
1464.7354704777558	807.3782081091828	1369.0674813055473
1382.6267262204772	936.2822827257844	1298.637204902176
1365.1537251440352	965.1981685514886	1251.353563756797
1562.1109325516838	590.2431760114019	1191.3258191231503
1439.0501365851833	847.0320158075144	1184.6487569922376
1478.087076664784	785.3624529770171	1324.6530921487176
1554.7579762509831	607.4792536107415	1366.940079020723
1394.570280819787	917.4879584502984	1367.9488685193435
1489.635818956492	760.2611421083097	1184.882438633347
1441.8022300391467	842.7182506716483	1220.1764489901607
1510.0179426695495	715.0846636746879	1213.6062900023605
1341.8894235219605	999.2749967241464	1294.153402716861
1525.4325235507908	678.8200400853491	1302.4509680067567
1420.4051409356377	877.153369681371	1231.2670590523683
1474.8918409470073	788.9416022130092	1227.1905222894668
1412.982144698914	889.1613737276459	1280.3907382336495
1507.37874421155	722.569015677675	1251.3265499073266
1510.4641334156076	715.4969679177274	1280.0905785002342
1394.7564475485326	917.8455523262302	1243.8683742611845
1519.3975081707351	692.4244717346719	1298.6250309442398
1536.6414698312717	652.6169375643889	1213.8981984102052
1406.4035491262155	899.223362667206	1205.517411351519
1571.2910277470498	571.3934513270779	1318.09051720516
1581.5777144188287	544.6792862937074	1301.3525682027066
1398.5763735160483	911.9297882844221	1180.2912634382012
1530.2395460584075	665.2917988586191	1313.5492320155
1594.2188024963457	557.835215672585	1272.8353017676875
1562.2643977205737	588.1741455214669	1346.2486031550245
1414.5240649492848	886.4286497703541	1287.5442056579714
1386.7361873553405	930.5002700694117	1310.9460018832888
1486.059550575905	767.1965218561203	1280.413969329344
1349.5445419730004	988.2589226589319	1301.6545100137157
1572.712609499664	565.5056008154181	1364.2310416582093
1514.8473552741336	702.325939811874	1287.9700915019291
1588.9755291491947	525.1052103294845	1264.9986333120978
1567.6588848126476	620.4466873508892	1206.2286814600766
1568.8934154773801	579.5029110010014	1206.2867118615675
1510.6002533477335	715.661835346153	1264.485820673856
1559.7278793498663	595.5663993456538	1317.8509529795544
1548.6878185416322	621.6758444202139	1366.8546019937023
1431.7015068250696	858.212849582661	1244.1318568779154
1439.1113122282538	847.0484872052767	1359.9502763304263
1478.9699878868726	782.1135214083838	1198.7109685317002
1449.0288699950077	831.3895927990756	1347.1504789598948
1535.222936313896	652.9608895979195	1331.268280273925
1478.4370933585783	785.6692651741373	1354.414707447354
1552.7191178614696	614.4216710822595	1301.898253274365
1420.2441252870979	877.6775110490564	1313.3497197022853
1374.6208516987917	948.7286214033011	1206.242209283471
1432.3905710411977	858.0628966825054	1300.957586219124
1543.122967521406	637.9756319815466	1287.3444828761947
1536.6752907542766	652.6155592882018	1280.439209846136
1524.5878773063316	679.0556837075682	1309.83113821317
1586.4634242956245	532.3198498853405	1317.9294994725217
1489.8964355131666	760.7787445625921	1359.9890618573768
1338.6972409855543	1002.9798639899195	1191.0941760734545
1341.2058201424716	999.2472908150326	1252.0252729205235
1345.7098652899722	993.9716415905121	1365.3514950841327
1341.4719149125594	999.2224070026093	1185.015056956574
1376.600148098269	945.4908939497534	1325.066758387516
1576.4262484114672	558.720453442051	1178.255866253795
1413.1770320084745	889.5249951769936	1331.162584728499
1471.394810012621	793.5977280481325	1247.764776783076
1535.0820622163917	655.1251214969518	1220.9358454300059
1379.6994507132783	941.7187699871931	1227.5529889717309
1497.3098404563261	741.4176356186557	1309.5913236047463
1337.1303730968746	1005.5102073877534	1265.2878078473116
1513.7491612259612	704.9721276306639	1280.7741658695318
1487.996845498944	764.8510315851163	1287.410419646569
1501.9730219762844	734.5498047956997	1243.5665552725957
1367.900832201431	960.8576210013787	1220.4920705258303
1588.055155389228	527.9062163212357	1257.787108328871
1557.3542122186493	601.1740268850103	1313.1813078208122
1541.6449343730922	640.8812728883372	1280.1398153982777
1394.5587859928442	917.9539953397139	1177.1207280830695
1468.0808911063502	799.8726136597365	1244.6942805331416
1367.871020066563	960.723570093045	1324.1912385058317
1479.3720220248665	782.7378951551808	1347.2810652696262
1531.4018596368328	665.6380030636974	1298.232392870395
1568.1051377937872	578.3431322869975	1346.365080745361
1579.2825008476457	551.013378749293	1177.3831453873406
1515.2924681580027	702.2253020010814	1221.1101975691415
1560.0196474630282	595.0116969271278	1251.4461338333226
1561.6821664581114	591.5016205199458	1323.7582775930691
1507.4165296636347	722.6685406746886	1184.3213698514041
1367.5381505149194	990.1562921279576	1273.5771604778743
1404.950933384956	902.7822587241296	1354.1691294126185
1404.6811080821558	902.3379838584569	1220.6205090017943
1382.4855721890622	936.1111728319279	1365.183493413278
1453.2699627907707	824.6171512106927	1251.795356483314
1589.0171500674307	524.1276938502695	1272.4822039244798
1451.5586443695363	829.5513208413995	1220.906224488499
1401.8840813182828	906.4817999069243	1318.4863437396386
1406.0472510294467	899.8588136009832	1198.12435532607
1528.3738346314892	671.6467566722109	1177.8085194814046
1522.2816606940237	686.0827044677665	1244.261215753026
1525.490818958412	678.6926695528799	1235.7634873324255
1369.5473057376478	958.5031059234373	1197.9648293991436
1581.4249804471299	544.8137586672625	1367.2942310238814
1374.4605554402192	948.1907058826873	1198.6742722319223
1534.3454251072098	655.584170904652	1324.4217816539838
1588.3648771251462	528.1528681690329	1287.631689723961
1461.1759429006065	814.1588848626839	1301.4094357609092
1556.1055702561368	607.0790928123502	1177.4945438771035
1551.4878820744814	614.6810258295686	1309.44571153587
1390.8347177330347	923.8984425456439	1309.8258351326558
1585.9172577121597	532.1683486425325	1293.7057044261087
1549.702885645767	621.0751693711873	1177.2700711423304
1374.9809596660425	948.2660008849639	1280.810941254054
1362.2145023149499	970.0411758864614	1180.1515247443217
1454.0140764316636	825.2109423107469	1227.4588886823417
1457.109186610273	819.7545023947853	1180.5059629939153
1530.4124714646562	665.6685468268793	1364.616808857772
1521.4075624105733	685.8719328236023	1367.5099788928233
1573.1009995659563	565.5782722803988	1313.5749954134947
1509.2334643506342	718.1766812403363	1257.4661220722685
1473.3981650302078	787.4436904674624	1253.0757608447402
1419.94081826944	877.1038651537168	1246.6864488584486
1495.4771315955256	748.5691799053076	1177.167996519737
1449.5544111795057	831.6038944754937	1280.6149853724496
1541.2686623592847	685.2313356989098	1272.7594846496427
1495.1188360751105	748.387214694662	1234.286299911441
1348.6924604063568	987.421665323857	1311.2624612886839
1583.129195927187	538.041665547996	1364.2916332937152
1358.6203869159701	975.6225368978785	1368.1038082461
1544.2911150259988	633.7120833928034	1251.570597701957
1544.2627472044685	634.051698836593	1359.8232132722912
1588.7945546669532	525.4943263669402	1214.67162237981
1453.8826617516245	825.5125200763493	1360.3047033747216
1369.991901821673	958.4041289221274	1346.8761561616777
1379.340735468876	941.9965149520074	1251.819537187715
1487.3178756176535	764.3448185386231	1190.6851379055367
1501.0060177820285	734.8928581288185	1310.3844629805371
1382.725897278598	936.6787755211355	1313.8616890562644
1427.9031868206903	864.8551862685882	1175.7814227737151
1406.0504469520502	899.9340791674649	1213.2523123562412
1531.675788318814	665.3200434516664	1180.9637310178239
1412.6771275950468	890.2729364585865	1272.6101046528604
1336.830162233837	1006.3771706200117	1205.7865483699193
1361.886353227619	970.0863556877932	1298.315129486689
1438.9941300045532	846.8185369879923	1251.4597295796812
1414.66430568821	886.7479788830436	1354.0248459266577
1594.1121759420098	558.2854366782108	1339.22029260062
1509.6614632438939	718.672371140808	1353.2386456552613
1518.8824446860926	692.4039860992323	1247.3234072025052
1514.0003696333938	704.9670611969818	1214.1287458520744
1404.5813891593486	932.1059908122338	1339.663909729236
1477.4407304269105	784.4155235014216	1191.6060128728059
1534.8632678818658	655.1512110394848	1257.942971299542
1435.8802417725356	851.7756223393998	1230.986550091249
1365.3289571166647	964.6432918066362	1226.690046354615
1504.5722207011343	728.5687178722533	1313.118143469778
1464.60849250951	807.0507287999887	1236.221891450044
1504.4842827861207	728.3310781500121	1364.158599207709
1582.0374307172524	544.9254557601154	1235.395953047923
1519.0828810151995	692.1755644045244	1180.5900263379008
1435.9619340341656	852.1031518130009	1297.9005176891662
1537.059654484786	652.0302668959945	1272.7480471079896
1362.319020837806	969.6551633156475	1364.9552571554527
1401.6873288183674	906.4676683309376	1251.440698813547
1544.480580513065	633.5678801465097	1293.2571056049228
1543.642416059921	633.8364765570875	1317.8625461830486
1468.842096755806	800.9354940238215	1367.8656444705632
1428.5197357677353	864.7538305688679	1302.1873431292802
1349.4603389483143	988.5212877658142	1234.5500351615235
1449.2279742594633	831.285710150515	1265.204475229026
1353.2286553243384	982.2875254754126	1175.9522838607852
1369.536372355719	958.6359735117863	1264.3116760458156
1376.5867966252508	945.6608649773053	1191.6504805287834
1586.7921417506118	528.0771752010328	1353.679166740641
1594.5909416013178	557.9676150711697	1207.384074188664
1583.8263672900134	537.8368637691749	1298.1834591659851
1501.84208326074	734.2578964950483	1300.6282513540439
1502.30957011276	734.6957907703737	1177.1272920211773
1546.9255574895587	627.4747829824785	1231.3530951744924
1514.8700381519777	702.3936917464414	1258.302457757696
1450.0082192243444	832.1032249767221	1331.6527057015599
1513.7169448030618	706.4393952351571	1339.237082956931
1479.0189715879796	782.1361884731134	1265.723353348895
1369.964914902133	957.3066385019329	1205.699455699858
1575.7485268778053	559.0682805436788	1310.7516569938534
1564.1289144063983	587.4046150821501	1271.9265424560074
1567.8688411169617	577.8823601189861	1264.7965257442063
1471.8058457746115	794.0629145490321	1231.915347552868
1541.2621675132598	685.8333743350531	1339.207817220357
1498.9920318756729	741.6252750368848	1176.092781614198
1448.8659637973599	832.3962419149248	1272.943944381489
1576.7155726327665	559.441750431627	1235.1115584985496
1513.7665343729825	705.474734916134	1346.9544853050386
1506.9880757413398	722.7457534566682	1317.844184600318
1465.0030694640466	807.4167807516781	1302.5894421127298
1354.303305364214	981.654592839096	1369.23629306992
1477.1406017353972	784.6221486270526	1221.3774407415062
1532.7784595823548	659.6692902144453	1318.2259045919686
1528.4259980625047	671.6595922056885	1234.9687438659366
1443.0720455545368	840.3595259085263	1197.9470124579325
1398.4672953651204	911.6041037774436	1231.381259886953
1338.9483657759297	1002.4881580824747	1325.1042842508955
1542.943652576655	637.6453206862543	1220.335437510771
1568.7225086536882	579.2945437920923	1272.2704532367618
1546.649174824822	628.0285562605033	1246.64966214258
1402.1622340710992	906.5610492154767	1360.2378091410078
1578.720968776888	551.6351447042794	1302.3538104641966
1543.0117288266356	637.4958217262975	1190.9205133639207
1460.3798946810077	813.6559291725865	1367.9513669298183
1368.1526422998322	961.0235673022312	1190.824683431198
1589.0329266172505	525.0311329375954	1280.213083772641
1487.248961063832	764.8846312840941	1324.3291263708659
1479.2931903345038	816.0385327499472	1272.5751173850813
1361.5776981172974	970.0852852970152	1246.6891190465888
1517.1267420805973	698.1705976278159	1293.8214782524453
1344.6934174671574	994.1820221003961	1247.15951671399
1475.0240890629213	788.4550790605851	1185.6374454521376
1423.877455186807	871.1395454960987	1176.8583085448881
1522.698313275599	686.0546269280788	1301.4153551260592
1541.4648462625596	641.1798734148847	1346.2493634949615
1569.0166228923822	578.1996936938422	1198.832590092081
1560.5809425068512	594.5030706122116	1184.8592794051428
1464.3323980862297	807.094878720069	1309.7753613987893
1412.5800922616834	888.7057593596822	1197.8770575646254
1569.1472742093385	575.6443565445246	1353.597264902266
1338.8760297791107	1002.801980772153	1287.962927843232
1522.3997521485087	685.7770890279123	1177.7983180308456
1495.138540093605	748.6952392872665	1310.4651564360024
1457.4317619157503	820.1663652314282	1298.3870599894428
1456.584406185106	819.9317491589427	1313.6568999151655
1342.122715774481	998.9118382472019	1360.885771567412
1519.0409037523202	692.9697999668981	1313.4107801215773
1420.4958346600563	877.5824904992198	1179.8353149231955
1552.6520431867723	613.8455456574264	1235.3023837754936
1428.1022442181072	864.7529558421063	1235.3794614543954
1390.2520574066475	924.1880555525199	1242.9437923372448
1357.615863184841	975.7611735758876	1243.7544312032485
1370.639719811718	957.7657196049214	1338.6484523692013
1535.3619896013988	652.9110884724448	1346.7402404431402
1521.8872375633862	686.3064885640351	1310.529442979
1379.353597321041	941.6159837185876	1318.6757188725771
1460.3067204144083	813.5643882522912	1310.9132155542363
1478.6858636851684	782.2345450927106	1214.0366834807428
1412.5400857964685	888.8491149333889	1213.2546683880557
1374.9220158566898	948.2078768126205	1265.0905085971647
1551.2998942277704	614.3401921445299	1367.9676499530367
1337.2089599506976	1004.8023602559804	1347.559414892009
1367.8356162853938	961.1902426923003	1257.337305598394
1353.4219386219147	982.0674585592577	1243.1953945846053
1486.141957783905	766.9286397033167	1198.0418312233508
1443.2066189003492	840.5958226778816	1331.1626668141064
1420.177447726199	877.3404373817589	1364.5033726182598
1540.9311836273816	642.0036221933913	1338.7598971547873
1345.0171625392343	994.361767754386	1231.6373162347847
1382.6184638703915	936.8887972982673	1247.147153805559
1412.8012235847086	890.1316835401235	1338.6442758823225
1478.189258489602	785.5688425816231	1287.9012038539695
1376.7921105819748	945.6020954109875	1221.2250603290659
1401.9089633369913	906.4032754763206	1185.0378676557614
1510.2025888511403	715.7312935737049	1346.2893936272844
1510.0235288752808	715.8931968658434	1330.9006771330114
1412.2663667123832	889.7197860043151	1205.3295791022938
1557.3628192597503	601.0368017873815	1364.0488382960486
1562.4413439412288	590.8384614913532	1287.1914861915532
1348.7821079825922	988.4419887459791	1244.2921211980579
1588.0559714604829	528.0303346622914	1221.5639177378794
1501.892290953474	734.4290373162926	1234.1460565743291
1450.3527345849418	832.2422604772426	1198.4211941713265
1587.4987817601464	527.8723230177447	1324.3370595909207
1441.7866721847804	843.22403327923	1353.9892106034706
1442.9753918502147	840.1196143774797	1264.6638926338142
1522.3517660985485	685.4981808853926	1235.0635863913506
1492.8264611154875	755.4398714445065	1364.4924792741504
1424.1733341798426	871.2064253250824	1234.3896629544429
1588.429821107583	524.6163765954299	1338.8449017532976
1534.6731929443386	655.6402060793323	1354.0799996747949
1573.6606705129673	565.5846986154855	1247.0850779738003
1507.0530170155275	722.5325861957081	1226.2524497871834
1450.7796506859404	828.6140473695154	1258.0626771430027
1398.842355850542	911.8791736667191	1298.1872700572878
1509.540066726082	718.3409002435418	1190.4012225616711
1376.8056102794276	946.0173600307189	1258.0789373370856
1486.8504994903549	768.0084751726296	1346.6869893193737
1486.1659957662844	767.9367963370746	1205.6453914629597
1424.0501807135502	871.3647930855321	1367.5935561262331
1479.1865373100745	781.1312144759997	1206.529103448081
1431.8678798724045	858.1776045039646	1367.3010304980264
1535.6457650114226	655.4139010017523	1287.4189180373232
1558.210034890349	600.6710939595602	1297.8227520916384
1404.4196567181714	902.7132652936388	1287.2919862681083
1504.443606839273	727.9321807468144	1246.6216970855326
1581.620464599394	544.3745753548685	1178.4612007322564
1541.3337907716398	641.8376346950945	1272.5025535367465
1546.5253095213745	628.244110962882	1364.1089121705481
1583.8146656444537	537.4714312254602	1232.3538446959644
1435.7349488343755	852.2220141669854	1364.49476502561
1394.9132069120642	917.6361700799972	1301.2398676955072
1555.9164675130696	607.405070642563	1300.7611716400882
1370.0568448763477	958.1839077238319	1272.1606916321452
1336.9394022361146	1005.5693774526195	1339.6494922555707
1451.3050627905707	829.3744306451114	1354.36099179385
1401.9557878544274	906.4213509634906	1226.566337645468
1374.4179532797339	949.077331304487	1272.9186913505262
1416.790320875341	882.3949166706032	1226.829723209673
1375.1711837118476	948.2191919268087	1213.9568112886939
1508.8024324449518	718.1729037267061	1220.1894893934143
1435.4789673333387	852.0623280415906	1246.8893816536338
1416.7760729066417	882.8075378951725	1318.0906257765716
1375.3838320517762	948.1636677937095	1331.8310901418486
1486.2853085615568	767.1327096567665	1213.4661463663283
1504.6611931700668	728.081559738013	1297.6651111248598
1439.1478470759823	846.6630437619069	1226.376736959412
1341.6230371536726	998.7091586394869	1318.7555515358404
1569.9363647172408	575.133377909603	1191.7464330365317
1386.4794259347907	931.0089605772305	1244.0282589156013
1443.4065628461467	840.6755771911052	1346.7895729213515
1567.5469043988187	579.5528713898182	1338.4880687254938
1532.7820120715473	659.2243629783259	1251.6461472648705
1563.1334783651548	587.5504863766976	1213.8413046309536
1541.8306174457741	640.3347104651217	1213.4446754091455
1570.6780249470505	570.7528005544634	1293.6544137076157
1537.3821129601133	651.8319611581982	1206.1952599062108
1569.5107927682704	575.6673225082352	1323.7743374370477
1376.4310241083044	945.6650961342782	1287.6267709271174
1365.6584168104855	964.6026159990615	1318.1936200393418
1581.6425474433897	544.7412251508076	1244.2031922128563
1471.9634544691958	794.0252605693286	1180.8343403824138
1552.512022395441	614.5047078906414	1243.0030582087006
1439.0393262032646	847.1788576896881	1318.1337844715597
1533.8394191725256	659.5684564075631	1185.5638466455928
1405.6015069472826	898.6226860237762	1272.3125657541318
1472.6726297509856	794.6002466883891	1364.9434449598327
1546.959976892721	627.7837260824416	1297.8437176901598
1442.5920189563938	843.2043182218836	1286.9281610280057
1339.136450341965	1002.2403161926052	1354.984895641668
1456.4106382161767	819.3960665520958	1247.4791467201567
1357.9817089658677	975.728514851736	1301.2462794559451
1542.4261447013816	638.0774251158259	1257.6157335023613
1490.0597594178605	760.550586214254	1293.5196008851763
1431.9263525175702	858.2010251037957	1176.9997499265307
1368.558701848543	961.3728275899934	1287.7560529094985
1451.7921538844726	829.527940510529	1191.4407635316518
1479.771400796169	782.9203841268856	1331.929951231231
1578.5995393114388	551.9402405789951	1368.2803461636688
1562.6596656977188	590.1843058152779	1220.4793537818864
1558.3529120187854	600.3136223465705	1180.5462440474453
1394.6543605378279	917.6167698532465	1310.820293570439
1424.4877597903098	871.3862779350571	1301.36450063738
1530.1329280683553	664.8456212831171	1247.2058042361152
1516.6404774794123	697.7309107928685	1185.2451973383609
1382.5926122910914	936.0807279691089	1232.323184898492
1542.1671458461308	638.067749206258	1353.512780577311
1362.0646984161544	969.9657802085062	1231.1049618286536
1404.7930963312535	932.4702314002923	1205.8824177434049
1390.9692224667	923.7922977559294	1235.8411900288256
1412.9458941030657	889.2283340945173	1346.928032222511
1517.1610174705288	698.1653711859399	1227.208456124455
1489.6135556791	760.3817809311498	1251.4355693743155
1571.5970286019055	571.1081737948862	1251.5594977227597
1439.4881352360233	846.9736389076965	1293.0972752153823
1548.921353676763	621.8139699433298	1310.5730930351451
1544.5516259054878	633.1685156857296	1226.7601040593227
1398.2653565611627	911.8239280217567	1246.592453873711
1535.7297901397008	655.1168067437816	1191.4705757826714
1575.6368025045135	558.9905310708812	1367.329797069719
1358.120411325926	975.8019747926855	1177.3119551840205
1516.4465466038007	697.925656358811	1251.9997677718097
1527.8591663901273	672.1466916243492	1310.613935577277
1337.3160547846664	1005.7251686255975	1198.2397702863284
1349.0812752497543	988.7317399526263	1177.3692088986488
1365.6717078099018	965.1427800906195	1293.3281162616133
1353.7916539892776	981.7412729963489	1310.128517347549
1568.4752816270914	578.5871053392559	1330.7995638830323
1486.6016990982152	767.957971543656	1330.9958534425662
1513.6509707641226	748.182484612105	1338.8869604539216
1401.8864096142183	906.6696048700533	1293.5687090636588
1454.0891294183566	825.4497741699391	1185.0915832884843
1514.9802546574613	701.9349164940411	1191.3508133471432
1563.300530569558	587.6093210781647	1198.265300207435
1576.1136200887602	558.6736428099665	1301.3957805260202
1544.55384995609	633.1841356504957	1184.8685833305594
1535.9911801639703	652.1389152357557	1339.2239468802422
1513.6850223743618	705.400945758576	1331.398669840331
1405.3924559195752	899.9971061392678	1280.1248439847811
1509.133568708006	718.689624104346	1323.932067388373
1357.7886069043657	975.751780868957	1234.274839893536
1513.0342972015935	705.7433382188931	1206.3105798399617
1376.6297605400841	945.4195438583944	1354.5428133667403
1588.5066962593612	525.2710684735446	1331.4554205326094
1495.5680588957812	748.5756372854737	1300.9971331376817
1491.9584301229377	755.2636537629492	1313.2665766085677
1369.5940553497474	958.7822706114644	1279.9345538370142
1365.652169156063	964.9443410875094	1184.8368170231292
1367.8494613552236	989.9416590385008	1339.4943803857675
1368.2061120610433	960.4643294509152	1353.9518224851051
1570.51841659277	571.107452482076	1359.715225172974
1443.5544549425201	840.7501946185996	1280.1595055419175
1451.6838446754557	829.4383502422282	1287.659271246357
1386.7212842075623	930.1593379307169	1235.1743874675644
1414.0926382005593	886.196583032992	1220.4323014808656
1404.175399104096	902.322602692028	1257.6976720977418
1505.1332556682746	728.4545078086674	1179.955710459044
1487.6133554467901	764.4527753838992	1220.5229913042945
1378.6480410337772	941.6384600890432	1185.02951827016
1510.7196690781157	715.5277472029122	1197.6983261453727
1515.764927553604	697.9403239248728	1360.0580950184017
1586.4465090491533	532.1704650810861	1251.6441611012967
1405.4860473518113	899.855777122978	1264.654209729226
1450.7866848513295	828.6978188080598	1324.721626472817
1414.5025061050242	886.6164055866847	1190.7542700516335
1588.5463456733303	525.277672375918	1346.5247507694821
1504.6154648475301	728.1780300367863	1230.91014477505
1478.0016338011474	814.9236426636321	1206.3236750594156
1558.3246609228515	600.9010865096411	1246.6467456970774
1549.8936076899918	621.4699202231598	1300.9691960121916
1559.698517194752	594.4434047698171	1227.0046790295692
1375.1467286874195	948.0139714840409	1347.1517131430471
1563.1387513987706	587.8265359898284	1279.9531348972484
1453.9295749805651	825.0981355168474	1294.0050509864154
1559.4489043952326	595.1285696240394	1359.407774971129
1444.3406394594253	840.0025879691198	1272.4927247566939
1574.3162370923988	565.9487278761026	1232.1411216605088
1583.9716924197369	538.0189957134294	1181.1813043178083
1492.2021058364132	754.7527618467365	1180.1113644139582
1391.0221382108343	924.1414559082044	1369.2046095819421
1514.0189099306615	705.0814248073409	1265.2467307109378
1511.225740516727	714.6715958010222	1205.2308799587956
1561.9031666818773	591.1594790631259	1353.463779841405
1536.438520519211	652.3822041745491	1198.965981836967
1362.1537158156536	969.8405338347009	1313.5369128947918
1555.5603995987933	606.7402924692799	1234.4196828588676
1585.9569749021143	532.0156554076475	1185.8079658583079
1468.487246811972	800.2717322104277	1177.7503446541996
1338.828424554743	1002.9523018137435	1221.2230061367068
1464.656420312227	807.0007126836551	1176.650686087983
1578.4500294365218	551.8392788390661	1309.611747812512
1588.871355995403	525.326388988493	1199.2607964471522
1541.5019678615263	640.1371081630658	1197.7664468756655
1367.3152338009652	990.705591250087	1205.9952000008475
1519.826056683822	692.2527378665354	1232.1185427268908
1569.0104780696408	575.0870676652074	1257.8471646503876
1573.6539270252194	565.3327671584177	1181.0608712736214
1528.2964408570606	671.7718054959297	1244.3707382473904
1555.2904563837596	607.3717741570701	1243.8842636643335
1414.4665337686786	886.2348816752603	1257.706748656742
1480.0738846330503	782.183806041784	1339.4500004768913
1513.5278296463205	747.7286596544795	1205.9881975164649
1435.946717100055	852.1373337272857	1179.8894128288584
1569.1271644709561	578.3130287991487	1213.9407599908989
1414.3750265487065	886.8177142178798	1323.9997109601843
1477.0597239452827	784.2199212768729	1258.79723095175
1423.75420128231	871.1630635962651	1244.0998120050967
1563.7494222912453	586.8240637063753	1205.9143323743947
1336.5792749913235	1006.1230709559027	1272.8944599599338
1561.6695591788969	590.6819902759037	1257.5753657306177
1468.3953208706225	800.5049720330959	1235.0848988322944
1567.7259363362652	621.2221391732813	1272.2791292332743
1461.2046429974796	813.9081488242298	1235.0091534698809
1562.1895445509217	588.1795722728039	1331.128937803189
1406.1875660495352	900.1792191696863	1347.112022530165
1404.3422187523574	902.5552806004898	1324.5867151928333
1583.8118230953637	537.9487279720461	1247.1884897854661
1541.2797415001214	641.1222562476678	1331.238522128345
1541.297327865811	684.9282674939939	1206.4178532622345
1549.420487825745	620.7848279841508	1234.5344968563834
1514.26343778909	747.932994110055	1272.3758372668171
1349.9015339167006	988.1563288592546	1368.0168128673777
1379.075645782318	941.2258665576969	1360.5961904795838
1573.4758356488046	565.3257986716975	1298.2060943863742
1514.5598662169698	702.4586546811059	1353.9761270705987
1344.6836504851913	994.0362422052998	1180.0054975757866
1390.3783635162763	924.2934454785095	1176.372323590987
1459.9824885414462	812.845399707506	1244.5455395604538
1553.0197940763935	614.1789287914397	1176.292504112545
1588.8412192752721	524.9700097032334	1206.913453784807
1456.7940775046445	819.8897033991319	1364.7319785093132
1581.41090072549	544.7415786406691	1310.5880858878245
1417.2283721274312	882.8900246044939	1359.9478656053495
1585.195747377872	532.4546255943269	1359.8635445689706
