1.3153746760204512
0.481477745842857
1.4663071810091415
1.2542191165075343
0.39053312917526145
1.2352159454787772
0.995460325423303
1.4737251128244317
0.7947138021734691
0.5312889930408505
0.5123046961448094
0.6212549174029154
0.6582032288227516
1.0776872934020216
0.3764660251634656
0.5729980316953094
0.5681991407714182
1.5953065025568762
0.8656335928538618
1.0131401992866498
0.24569443552822332
0.8715360945643923
0.6103120246563746
0.32413360240918054
1.3053719868406588
1.7267545075776696
0.8619451163788419
0.5100108756170807
0.3909446250687365
0.5297404657921747
0.7368596364943324
1.1830203777607773
0.7064182511377498
0.8358286976923777
0.6117444286285534
0.4767907777313745
0.8217315608065532
0.6406469120127265
0.8445229278191597
0.6746695909640014
0.5783894298723927
1.5939774041159844
0.6836617346273114
0.4360187291268261
0.21422354031582752
0.5520619879736093
0.8212946259192423
1.011920034163574
0.8260524702577627
1.566465703048871
0.6196221320608838
0.6445352260773639
2.5992873604798366
0.38319992201139375
1.2400609488117198
1.6225004809861234
0.816819175621607
0.5393830503304451
0.6947731540341223
1.0897954075972391
0.611215384954473
0.41904898907677274
0.6330118880702394
0.7665339041427123
0.8155711406815821
0.8005069802260489
1.2776116078216522
0.572162122191276
0.5540260803510748
0.26057843666657904
1.361132169671425
2.646693038147932
1.0122710991374873
0.9773806483961144
0.7622990584179137
1.420573184671533
1.3954816319193821
0.8969592417409785
0.3291709262215845
0.11315162648539691
0.8382490623530403
0.6931572636608874
0.8504426118342783
0.9517934760740911
0.585867815764192
1.571392243601058
1.2243198152297492
0.4788519799528157
0.3606752618729824
1.0141471541139009
0.8386074891494347
0.4420988470845811
0.4957498347987919
0.6265401421182816
0.3368280676944603
1.0335083336712343
0.36219693897123073
1.1716451370425947
0.43570323931347277
0.6989230428676447
1.1023243345082314
0.7349415462294481
0.46120587525131
0.6286141647144788
1.0788237710526705
0.7761582138648941
1.400392670715011
0.44595845548803714
1.2645602008447463
1.1477080397526247
0.7425654030269184
1.3486257827815482
1.5298367697510393
0.7527935961146712
0.9861323196042197
0.9172479369611422
0.5435875004442807
0.4792303670980867
0.8317366556163265
0.6243760589576678
0.07892287891814877
2.5715803763605813
1.0879055551430616
0.4143869823681266
0.4068697440110755
0.4601467268497089
1.4969128564509173
0.7751533703867828
0.34556751338479064
1.3015575501058965
1.4863537990551408
0.4694755574637878
0.663345899992557
0.5276922495891084
1.794027785531363
0.958381281821653
0.44159567203667693
0.3876889857204843
0.5669002674612665
0.2613374417559479
0.8272275089900313
1.1940683763464361
0.35707536000889234
0.5120631765493618
0.6310249500539181
0.5851029862729233
0.6418533100367826
0.4450331186632336
0.6704092360907509
0.9588901117786055
1.8338722662844524
1.2829485503035554
0.42292268555488677
0.5669903698426384
0.4938519245938787
0.654076106421049
1.5859004948584399
0.6351969943230141
0.9964795364534869
1.6634217405209302
0.781113310217486
1.0559952493564158
0.9831956808474862
1.6851834059369097
0.44851043796772755
0.8084691177745198
0.9920230946699121
1.9459544234958648
1.6985243794852467
1.7636059411027087
0.7024469280027862
0.4805966022924724
0.9041951960761554
0.5767796520609139
0.6645966847248665
0.2503490945389745
0.5013720026289193
1.1517819442834856
0.8631862730471187
0.7903469099348759
1.013980444153672
0.658014759358126
0.9032982509389205
0.5529975917487864
1.5052921075669674
0.7428597160145259
1.2030653524204822
0.7709966093874943
1.273711895562521
1.4924570755952389
0.8796154039426725
0.722262159390343
0.7491200480112453
0.5053036288095181
1.3029398921534807
1.04135943422048
0.8881224984387778
0.4158939135120131
0.5837599286455653
1.1060473153375603
1.4004431524248906
1.1645121584262665
0.3470682944935262
1.5219662389796664
1.851701114844485
1.030247744888554
0.13927275646363052
1.3756786913015622
0.750425906064158
1.6907766846122725
0.5257134323404828
0.16611522538712886
0.40219370169282653
1.5758127162759856
0.7576369575745778
0.7274124462796646
0.28243484804331576
0.43861036376034185
1.0801751123600332
0.5583977295910977
0.6732701377321854
1.4169367948957936
1.170715212237708
0.8464987679058534
1.272288819474169
1.4371381290794323
0.3971493680278809
1.2607548881781938
0.8457124964133755
0.3595681371761273
0.45338525245733174
0.8076768489885652
0.7599278542792942
0.9456228881178652
1.0022851088106124
0.9411051335058215
1.0965124863559883
1.0624066759116808
0.7056090253448685
1.1143869891604086
2.4461907713929443
0.5454681911385598
0.4501743107258795
1.4222664078116851
2.4840993824755326
0.4433314436338799
0.9449537094313558
1.2545142467380623
0.533378410936214
0.4215589932617327
0.8759350878073728
1.7699999922219833
0.6344247269412617
1.0550948548155565
0.8009903697955844
0.6558705770219065
1.213364886201075
0.6116833430121609
0.15495547180377525
0.361456860587257
1.2944663888460899
0.09869692345575166
0.9014766895746674
1.1414409753889234
0.12724429080419844
0.48229265329263116
2.0979126421411296
1.3601438516022557
0.6255719105951384
1.1082699885365899
1.6165412257351495
1.0485888648934236
0.8436884036433342
0.5021043426931372
1.09007663151574
1.0133925226791969
0.8569282123959329
1.5179181388030047
1.3980129231813747
0.9573022214965778
0.5625472097310996
0.26608373131761426
0.6981793881560515
0.4704520254676937
0.6652871719757445
1.0967337364122793
0.8908147497283837
0.5438395525359123
0.8717979793401236
1.8715110864346938
1.1799544301243554
1.5759614939466131
1.0582398318893869
1.1434639085260032
2.8283873707033123
0.38184371694040853
1.0719228850761608
0.44151185817925365
0.8942167109598477
0.7184298719041915
0.7655116007790618
0.8442322164556264
1.03128912051212
1.5420139844913643
0.36597104943544706
1.3011340705935017
1.6465622465563712
0.5417068463054966
2.5839467068673416
0.47026152949063676
1.641743239940099
1.0399064372446578
0.5358004530312136
1.2978826603429343
0.5339658001875479
0.4057549255675618
0.8933379123639051
0.9462340315337919
0.7280163863722418
0.27500603313210753
0.27462279872348877
0.4462364186693954
0.8871201485790415
0.6677860231800921
0.36520210018043314
0.4764132569894755
0.1317876156305653
1.056913073147954
0.7114708792293756
1.1313760292651471
1.007035908744573
0.38845503456282093
2.2308988303828863
1.3919653900727393
0.65162976842431
0.9763951384299551
1.214205697087319
0.26132345480381275
0.7536798148401024
1.0803723528781914
1.1896829004379883
0.7873015611802212
0.2657817957412382
0.8539900026654075
1.4132704642523144
0.6706905739319685
1.1391409698999215
0.39336318950940447
0.19068499659725446
0.8552155621556391
0.6747932605920882
0.4665150418889552
0.21596555634414258
0.7795937143553544
0.0855569967332889
0.38047565619156365
1.096590741602562
1.369592808233968
1.5484114783760354
0.3386227161804827
0.5780557202031406
0.6872197586220786
0.7889676364250788
0.777724559935766
0.531732534684346
1.7166018440477373
0.2721178734382997
1.5262920160068758
0.9622311385088472
0.7787960586177614
0.9037602718938048
0.9263511450641582
0.9255443736005011
0.9409855821360844
0.7695731574831901
0.9867895380437992
1.5539717179172543
0.9590654309293609
0.5600919490078895
1.6769446685180798
1.7735690051571502
0.6700479197921622
1.4587592860942304
0.8439051197694387
1.152628546718366
1.5355263043357157
0.6297084734196436
0.6485088523607744
0.701544453074784
0.8472448034178904
0.22834993698924339
1.0147942691637017
1.1841789309253508
0.20829279160428701
1.263477197849868
1.0117015708779242
0.371647690882693
1.1849737016898676
1.8397859761074087
0.4492365012681435
0.8003155224749617
0.9405559948086435
1.150843150078372
0.9270550238362117
0.791575383946352
0.9708442642110389
1.0936136883815817
0.1427546467256735
0.7650921227838567
0.493584867050972
1.0724812875000125
1.7019061725152593
0.38499961613791117
1.3219288440426729
0.9984737759366283
0.9373454025105341
0.264274893986887
1.052681868003427
1.7552489630574963
0.416848020524554
0.9230032884584369
0.21788895914463835
0.6367109889631094
0.5203438961365816
0.9553665820661548
1.5090881308812687
0.2809983050175924
0.5477290873313736
0.8824666062205426
0.650337226373937
1.0877210644787836
0.37033137991017995
0.3221813680430295
1.4374078896275133
0.7521262330871769
0.8926361506944731
1.7178817370149075
1.0780181582705455
0.6367212122803739
0.953725437675643
1.3438682450018946
0.620926535448003
1.1969817070058728
0.36949366361571495
0.832825462243284
0.6579433475698431
1.0900066817931124
0.3451112977261654
0.6069951280815046
1.0859799759164612
1.4751347111217332
1.125890275235251
0.8263310098222795
1.433435781988177
0.5589862928295034
1.4779439782375174
0.7984374829748554
0.5225815281625542
0.7362698692838536
0.20901698291072815
1.0707613219527385
0.8641044142220511
1.5984089845167424
1.1392315780278544
0.9796900518000042
1.039028425619343
0.15381049238424777
0.4654468932510663
1.2657880966866566
0.9490441447521878
1.0149154938878724
1.2145433910277599
0.9720823270695969
1.862004482839226
0.6729299642464165
0.4433041424338223
0.8573794078566617
0.4552995927690788
0.530366557904662
0.8345551011540059
0.5512193884146009
0.9268400947551492
0.5915112910572732
0.8791316189999683
1.1544338350336054
0.9030593549304111
0.6315329865310322
0.42950485878366135
1.0761135423002546
1.2683339698182472
1.1113525029141365
0.5102628650554467
1.321305077704271
1.143555555959537
1.6876172474553268
0.40773121440512294
0.6824033638084976
1.0542304339980793
0.6172853088151287
0.34364514342579433
0.9689858906856524
1.3031845615404771
0.5770739146480843
1.0330037531037455
1.2875390398801998
0.9539703380184231
0.9136699351449181
0.43799964619843385
0.9038685616111733
0.5168236657511027
0.5478916201970518
1.5213726655335607
0.9843087079815019
1.7161443972593735
1.1023717546893568
1.6052072740966394
0.8923108150848051
0.6042831988909128
0.9591789204099407
0.8468906370265732
0.5920771973425718
0.26063884892579703
0.6463847792293445
0.5553784829796523
0.9593831850340796
1.048749627171953
0.9126493592069526
0.9535962937264214
1.740907107576436
0.26550051799479946
1.1362616049541303
0.9315472472126658
0.8967468600100449
0.6760122982390776
0.6788707057486872
0.6379141702543359
0.6336151215375149
0.48444093455946174
0.8309535315788508
1.3930130917573935
1.1581933804200508
0.9480236506570124
1.4883462353463972
0.5762379604167414
0.6216281217107403
0.7952785867298651
0.9396894231074462
1.2400463340189496
1.2090503959418233
0.8161254359181478
0.7621608819752476
1.3390644127672207
0.9975913783386272
0.9635083507614616
0.9045177778140501
0.2933336844334475
1.7303716597410077
1.136945975313699
1.3125084029150058
1.1606784802668741
1.519830569246705
1.3547203714612315
0.6228423484988471
0.23381611039219422
0.6227481678523714
1.5447697709441863
1.6291781726855812
0.26415812558182905
0.8660500836736245
0.7528537710448041
1.1910113919341156
0.435017055576896
0.6322467919318814
0.6470993594110314
0.2293275653335659
0.7161134379653369
1.986262226318877
0.7543630579727394
1.0877612309403533
0.3802963832590568
0.4522703860389509
0.5429842086331655
0.7535898979414523
2.6504965232847484
0.8952423637183757
2.1963577635414753
0.7393131304466792
0.36330146876559255
0.577716808718563
0.5642852682941676
0.8327198908336384
0.6922521159659254
1.6158683631011124
0.9807059315822854
1.9283244095942842
0.967169317499588
0.42487403426568976
0.7428756070130287
1.091334300359133
