7.557297507767969
8.287954681893673
7.4892553775897035
7.631127478109271
7.368229983192155
7.802168315979338
7.69136190740556
7.74627125943568
7.710003355658241
7.864345617000681
7.329297628999837
7.146914616886694
8.295108891133166
7.723262725215242
7.416484774776
7.761370342120414
7.799139849474297
7.58768498101637
7.768353518734594
7.86175057744615
7.728247192074544
7.630660293826662
7.567365799618894
8.07000888677738
7.630727142756055
7.931328141682541
7.574382267923978
7.721189515952997
8.132893186728925
7.819498284090372
7.57363879353969
7.812136059800955
7.669554730027047
7.7871984017696265
7.779481552520205
7.874032663519834
7.661140668976885
7.6512656648427875
7.445272903723078
7.915125379020241
7.605654081840511
7.6863004942846045
8.257232011459083
7.635440254046743
7.905596516265212
7.6357577023122545
7.864976996164277
7.605891674967244
7.770240495840871
7.653679666288707
7.469910516530636
7.791231351129976
7.92380294218675
7.743477417927588
7.45251240120066
7.674115008772038
7.902684802425559
7.79033083572257
7.70130248343369
7.79092151355039
7.8468703044535815
7.6116007441778075
7.619336315361026
7.359805892468779
7.7080786447953535
7.830206247884556
8.01298003028417
7.813800672365185
7.764701855831682
7.549098549507949
7.813627591460699
7.741498444362148
7.743862759751639
7.555870609879299
7.530575207172835
8.36796824898669
7.159866275350437
8.00511230012147
7.719378699689943
7.532679573828098
7.910135662250735
7.586584145151391
7.771199342998066
7.84825533470665
7.727395990319993
7.725502504757315
7.610066817803568
7.601693611648825
7.504873701780633
7.539143475147896
8.314382994541752
7.483219948966901
8.007175794511715
7.70254719112126
7.830372257592015
7.706651468089534
7.811706328255072
7.7233633092995015
7.522870490752238
7.702228011736103
7.900876921778482
8.117875927481062
7.429977394220807
7.670035495145002
7.700165861871192
7.802698279774713
7.677681955843364
7.726477764450384
7.607864695878102
7.7209682472602355
7.898603719748648
7.704793724162198
7.823093240369064
7.726669092434082
7.720385031901877
7.921683169898677
7.510598765622256
7.798617684326605
7.643195239999219
7.66572037636256
7.7677978880608824
7.5480531157678366
7.822105930135686
7.578294525343234
7.843513187864891
7.66021225296331
7.660011612523763
8.123687023657784
7.448151358739045
7.691548345969226
7.509169614305237
7.859643867079388
7.683042273467682
7.787878221362172
7.432957510663052
7.612012763163956
8.069277007341515
7.593256798374039
7.56701629817426
7.95291471122315
7.781341969451913
7.5767439085558905
7.459504683830642
7.884247729233771
7.667049650874692
7.823980645199074
7.640408152390201
7.74580727911286
7.649956765373633
7.797077612721223
7.318042965498029
8.022899156010231
7.641671113907742
7.685419307974847
7.8060571598313135
7.6982971722522855
7.833003609439242
7.729911152054337
7.649776346981905
7.597475637004489
7.717280333420745
8.01216906780241
7.94196059391413
7.616033818957346
7.564587266834182
8.13843996376194
7.796831224130579
7.531180260539546
7.693083474106759
7.618853201326181
7.76660488406328
7.869121645237379
7.5990991156827254
7.735061453301913
7.80415787917622
7.716523762438589
7.791728012230137
7.642180332914826
7.720134464147137
7.721817082471671
7.94622409708134
7.803831531312378
7.637629549199901
7.889697335878368
7.497452010541932
7.784731797670885
7.897574765494767
7.752536799577243
7.535483238257905
7.832551629155071
7.6998759779625345
7.814541442907804
7.597784330256625
7.478430004587203
7.745983214270309
7.607962774388829
7.881413665690082
7.591973838315597
8.039385472894521
7.398683315685872
7.604067736561384
7.761912121292869
7.863363647934574
7.71207846663058
7.806941859069999
7.821715944519806
7.839664204036519
7.590502604877312
7.515252159497273
7.912572838811819
7.787643734063441
7.696547489085942
7.688839341207503
7.8435055841944745
7.606893783426006
7.885342404974071
7.874033387941515
7.545615469766246
7.712041999035243
7.668733322354021
7.370520812950131
8.495743737105364
7.59862330189176
7.913322648529677
7.760124747227159
7.604014521870529
7.410285633523282
7.748826254935172
7.850989341641281
7.584612603397294
7.718926176230618
7.4592662926181355
7.8781575735256055
7.6785548842335976
7.862371372792921
7.663518330720375
7.577773676194051
7.784329003991484
7.904340118191151
7.413683804924966
7.713576780640141
7.498410205307313
7.762909337634575
7.883636336146571
7.83870367624147
7.584901775192247
7.771760839590911
7.727216260239317
7.7107630521640145
7.655657380474436
7.776356510571784
7.637550408422851
7.878783974934949
7.66517471414612
7.5935139422757665
8.164855235551354
7.826134297779811
7.630294979148713
7.754940238471312
7.58996192889081
7.721351951500003
7.892316478543173
7.7717195263222605
7.51878773750215
7.651557819934038
7.95845633100222
7.572220940901661
7.852221182810695
7.673842844553602
7.572283517039517
7.628397471799518
7.8903748638982645
7.759599348627765
7.541168310708743
7.659963577743857
7.817218613781706
7.475510059449491
8.02766806437813
7.368197670497682
7.962927008001787
7.846906449150231
7.8449508649491655
7.743792557324169
7.573637660513821
7.6231887031864645
7.896888070806374
7.637095618069335
7.937034700372836
7.635412557832811
7.573471156600013
7.866515794385993
7.598707727081438
7.899942910166975
7.617972211217619
7.597247600809349
7.961521569043511
7.783838012657833
7.81237640593569
8.095042811839017
7.351625124940773
7.896902183375536
7.873720684806344
7.613657061322883
7.573863648667526
8.243683579879777
7.33034132634808
8.232001530979497
7.745827416809275
7.783967483281309
7.747857908785205
7.660227565625646
7.599222325059215
7.838149347252248
7.847977388429845
7.625497614737529
7.669042780892208
7.754049193876838
7.496347025147583
7.527473395790762
8.382633665799448
7.735949749560502
7.971751261281225
7.530373051532895
8.00999562480819
7.4564360482492
7.825378302221955
7.766633873062605
7.8142053577508275
7.7309903572237015
7.671859594392511
8.013533075116333
7.474165671190683
7.694947496760221
7.840301505302618
7.726600539537597
7.950703367359047
7.527519852157511
7.558982184003461
7.763831696407913
7.88011388948792
7.561860924695282
7.8581458391432975
7.63662915915628
7.560219035974414
8.171576313724271
7.745813429635674
7.698710776492233
7.860525972192929
7.765027126185196
7.5880523344787365
7.750207985806659
7.567250821751084
8.198940782392384
7.821557878720846
7.54138183332113
7.731156602977602
7.8733343946863155
7.716949173286969
8.08548188907706
7.855378017912543
7.60362392352989
7.796959788933197
7.553395307815714
7.738617249637531
7.708013712813305
7.878309434442221
7.727055475467544
7.634608172586145
7.820078342299856
7.863352748046223
7.529680359496856
7.850619136787727
7.988055663397915
7.505234692485072
7.657176553692767
7.5185305624399845
7.966150958298402
7.800666064009545
7.910825117998185
7.756537850399316
7.698301157457129
7.610424485197414
7.817256752468782
7.576553731801777
7.846534787149069
7.854254294755739
7.250973822367837
7.734525214159235
7.937937026490937
7.649269088556622
7.859884052792783
7.791745202661808
7.722988909068291
7.7024258567064185
7.600106251783333
7.501077076843521
7.742209133791207
7.774985517918054
7.789214614368559
7.879807299592775
7.8533806034575475
7.804366835451434
7.6350020219298536
7.592366536123003
7.977516281750997
7.7988765757541865
7.572816655213399
7.62180620699044
7.653056859453434
7.555710917372237
7.790657979082999
7.978714919855244
7.740474264407982
7.722871481545972
7.5637200496175465
7.687019154821712
7.5739594166817685
7.833965249833648
7.934309672323269
7.614860832084343
7.777833186067533
7.51363485863441
7.730231923481395
7.50119557022652
8.32289604577552
7.699193262050497
7.516384943365472
7.761089461830607
7.762664352229208
7.927799679142862
7.6623125616758
7.518386359015627
7.865972640776222
7.685982539268108
7.8531599052315295
7.758574367747133
7.4110190054680825
7.497443203031722
7.820363933262208
8.010685787350534
7.901952758942378
7.625060235307636
7.307050866903903
7.76109086422138
8.06479807258441
7.935492116877082
7.767764688305273
7.5522528858978735
7.731629044718935
7.889140867881772
7.967044908783252
7.946490287439139
7.758283061836528
7.673389054883794
7.742159171922402
7.593657190995278
7.581009867007014
7.8185777315464895
7.70763642797612
7.916564454367522
7.747102821570717
7.488370296793349
7.910581478621956
7.9986540898613825
7.476175789617661
7.8259375153005495
7.867459275784963
7.677384939016169
7.637452645136591
7.83469324366273
7.559600688354331
7.870420104047695
7.9383657124315326
7.43121099532248
7.828088235325748
8.039316469709261
7.603656579427933
7.724725831867211
7.650087854930034
7.76488177306109
7.69477967464178
7.653602262986951
7.604267497530689
7.78431063029966
7.933432494718228
7.47357435559355
7.6616891194527925
7.896158342221585
7.591157809699371
7.423159772350363
7.847049378403124
7.9098857068071835
7.656726954155557
7.940711661319484
7.353440242899341
7.811402526798939
7.563937954429173
7.962535478979281
7.762689141444116
7.677632242125745
7.636818580014226
7.72845642237405
7.557826429228654
7.843488129162529
7.627782702397316
7.678917172016586
7.63837581203805
7.834951501209622
7.815052660860423
7.693346191017988
7.544845632580302
7.73090946312763
7.616525016520153
8.233883663272954
7.788119841680403
7.364619821446221
7.873074885285084
7.566938355624662
7.721076954311815
7.5660501667397755
7.911666279926799
8.130964572264824
7.631137566445354
7.359026431040259
7.897054299818925
7.876529544303989
7.5039468247660785
7.45200693549798
7.956277234922215
7.298813797997835
8.278790374071827
7.790257463823163
7.856201482908252
7.613748944768903
7.69172225287943
7.64446738405642
7.5277479007730985
7.599510741639952
7.956196131260118
7.593838570070236
7.819823510726507
7.316803130359555
8.029379024529693
7.629046534499186
8.083519120867797
7.649463750760062
7.730504890666201
7.537840636251479
7.974065127809545
7.71229912329449
7.506403731825689
7.693481390598927
7.758047242554946
7.847340446196015
7.559883585902908
8.259325466684881
7.549107724228556
7.57379884249406
7.472704426379024
7.844537739436468
7.436805726793871
7.644891434093692
7.712031033211379
7.892635457530646
7.684802261248498
7.833960489101968
7.6036602189037925
7.56238149960853
7.932706612384175
8.078493619063478
7.401010911064957
7.5762025710826535
7.658835580011171
7.9620091110349955
