29.5387631006646
29.729190023226817
29.833617134679827
29.514129412299354
29.498501928843723
29.26642072023232
28.66444334372368
29.309125814647498
29.379037256152543
29.69150813056027
29.477753455124603
29.364459523840488
29.379781675501185
29.441763734819116
29.55427224422705
29.385564971206833
29.258396037352842
29.41974337199781
29.628764153041445
29.349882140052927
29.563803686817224
29.509590110806997
29.617537244356676
29.620551003546133
29.79587845725222
29.748203351446346
29.544042088388615
29.65895809538899
29.596637506652616
29.69047981409641
29.59037755709042
29.68879550426798
29.747442470318386
29.872007640530803
29.53135472614825
29.546807890146063
29.625556198300558
29.505633097197013
29.63990085603076
29.671743636964575
29.489635391751815
29.595988420504966
29.577138642468714
29.72123065906063
29.529288797208412
29.673372048653878
29.600195552826822
29.824095775021892
29.530259254570037
29.559015316214886
29.441880095959934
29.52237610199016
29.404390629547144
29.643813664588535
29.225911118024566
29.598686563870398
29.686573357214023
29.936581559625797
29.678379772294033
29.4441169002418
29.360184536217737
29.233325993875912
29.338616262502654
29.47971431757733
29.654880096810288
29.73985340020889
29.861980666947385
29.510559912664977
29.59682971070243
29.575121032331133
29.481476289007784
29.5935355104446
29.524125464078534
29.67335716566858
29.56930583329126
29.681526198688182
29.69222158327639
29.57696232221232
29.376831909790507
29.472339987873916
29.428096196779563
29.750492179548157
29.353645725185743
29.425675658096516
29.5970079612169
29.629324426877957
29.524626553522747
29.617490742152505
29.529755092369026
29.62059509194338
29.62440057568843
29.565134619599192
29.496615827711924
29.61295482411599
29.51107736961363
29.742993711426926
29.609645716987334
29.515831409345598
29.549063706987006
29.425102061797325
29.630412713808372
29.693990713961895
29.484284262931514
29.574106789775406
29.51940639935769
29.594583202848266
29.70731919433199
29.53636343174666
29.413976864438887
29.473410486409797
29.721736540198037
29.57535328487382
29.6927965639509
29.557929968164203
29.67631314498588
29.71817535131834
29.53640076395677
29.541192383322684
29.38824016612827
29.662587146348073
29.3545657755208
29.372386712082356
29.393622465994532
29.559774393361877
29.619697386972653
29.549398662957675
29.54701919329676
29.52855782480526
29.368281094312213
29.445687703465396
29.47099406064537
29.44205654822274
29.31295661726369
29.21176022679454
29.48750451535415
29.50423072940581
29.652843093148984
29.47964739790734
29.471341698244515
29.501603033452742
29.386855551628564
29.719907853267927
29.365772535446098
29.261493389443046
29.50093300066929
29.71617646664218
29.46051791478553
29.461093660078717
29.42433526793625
29.431667119566104
29.46954626918369
29.517094244972792
29.76328494281726
29.498625880112073
29.380978178279232
29.542236817402987
29.716689729237967
29.544598565175853
29.717818039161536
29.702582660581626
29.52140963704449
29.701069612234427
29.713786446104425
29.685333214573735
29.584783180723484
29.74396043715755
29.708767860421837
29.74211440706271
29.63951039102309
29.679483672776236
29.315802061842387
29.41722189431008
29.536566049590057
29.65474120133907
29.356851808371744
29.725241724794703
29.655560553843777
29.910445250461517
29.670000464231503
29.54728465057979
29.585688657624654
29.666008562906946
29.608812109770483
29.60113789578702
29.550996718650033
29.5197613022169
29.522342445656193
29.602098434589724
29.7834202626669
29.646770480874917
29.72147877879389
29.59226918300418
29.613815598862786
29.382787458574416
29.39715827837733
29.479583940808933
29.63952704728696
29.412087841612323
29.377575508391793
29.4161022368028
29.509363839622388
29.780521958186128
29.678938155790064
29.57977560185241
29.34106836095951
29.66879637477831
29.811769399098832
29.515924066036682
29.430420426490322
29.621901799828613
29.549117135877687
29.673755828855644
29.52574076759695
29.570807076348483
29.51665711852868
29.37374247622066
30.59692002369285
30.271361237230664
29.594886298643033
29.30481452091493
29.009355336291378
29.218970488808974
28.702797524608364
28.566999502350537
28.48435552159349
28.412970761553645
28.225731277998218
28.369947853862378
28.596861355102014
28.8400210517128
29.128097151149884
29.394363921911935
29.887498525169864
29.990198071777566
30.179102297100354
30.669290457778462
30.78515142099271
30.93645934821098
30.863200841732848
29.552840827367284
29.374009503277623
29.28653573225119
29.421843670091935
29.660500567650224
29.618416600940897
29.46141107690196
29.56390384451279
29.65052649718216
29.62168298652418
29.666938146655127
29.7963809363057
29.543377280293875
29.462438730229525
29.70423171749552
29.615166725055794
29.341457349005253
29.69107162867483
29.540197696070145
29.751569491289878
29.783626165574905
29.766729691737996
29.74987359379039
29.68269581447578
29.490552285072432
29.203734022485637
29.38419544589733
29.437630825546993
29.532097255863228
29.61977380895104
29.493944376974348
29.510725041093828
29.528903818226002
29.618207551123106
29.556458107751904
29.368408407585598
29.236274731950587
29.34892826054768
29.582645135470663
29.21105320765327
29.437891759842607
29.735534206007824
29.609517031417735
29.69291589761167
29.646434950434337
29.677312647768282
29.613073670326163
29.59317760667318
29.87157966158793
29.723502963407395
29.583075701116996
29.473661371828385
29.777700363721788
29.554470065694115
29.735816318453168
29.7873349162064
29.914721578331747
29.72317945849977
29.57462186113895
29.625051700626166
29.672300795092983
29.771758620689273
29.71754900499976
29.971768245645325
29.806243246426238
29.945787735779934
29.655399636336245
29.80063534781715
29.756470090401127
29.748822269959263
29.800883047280948
29.64831618903583
29.43795850691142
29.713527957672987
29.428851119671975
29.76905134481235
29.405545805185703
29.657706335080782
29.776733796170763
29.702640049856324
29.66429594823439
29.340027480024133
29.46660162908457
29.506807905588893
29.697725300245022
29.51906202312071
29.62859839069938
29.883417550981022
29.73122802548866
29.78011471317466
29.825739084351103
29.72842377543889
29.614210933349273
29.536114986769622
29.304921112387074
29.321621301186372
29.619154052489538
29.430963865515224
29.605836365619325
29.65757663962262
29.704892254458397
29.68400618162182
29.45697900339501
29.62808960420403
29.637521542948384
29.731559964839633
29.53711872473141
29.59346215109287
29.63808411734962
29.507885577951832
29.80871540965494
29.55882860963124
29.429498977574926
29.82475135185807
29.787279379085984
29.69603280671826
29.762262285600993
29.677151599969086
29.29376052762639
29.499584182896967
29.77916575788925
29.85676141621529
29.541773721384775
29.64703159920681
29.700600973998434
29.74954514603888
29.731340589807207
29.516297388837692
29.679838192903595
29.435986569112753
29.586759334501483
29.489582716696766
29.73677954965008
29.680873716194995
29.738061013184677
29.760351517548507
29.71796390341437
29.593146957509795
29.59361272367989
29.70442223754204
29.60516855485259
29.832347170882105
29.527477132642524
29.76684776130963
29.652031845289624
29.51740922943952
29.420812361838475
29.46174500289407
29.656097474274937
29.496122635049986
29.524219089245346
29.73767217035506
29.844366714551875
29.618649690954385
29.43391025911512
29.267358950590282
29.31265255101492
29.415919213005253
29.74945529750787
29.767224132304793
29.435428093507596
29.675258326546547
29.812872298417787
29.75432723395257
29.636899452374823
29.66229495601199
29.613921511747023
29.79092454539145
29.527967613810915
29.33528728927628
29.50735220999522
29.68904173875591
29.740634566620574
29.733612924646515
29.59127265741767
29.670976282388388
29.440024845720618
29.436159365447015
29.319005284491887
29.43565554629458
29.428404916780412
29.598230937511186
29.64682674429901
29.70282978741687
29.82867573146895
29.770755189741713
29.426478499955653
29.641731344566182
29.626431219437
29.579764593991584
29.377560020695537
29.534562110512876
29.712553368316193
29.791545963221182
29.255003769868264
29.30328738652033
29.66969008289679
29.492665256115774
29.381824542026422
29.71713568359624
29.66855007585639
29.588200065093364
29.46864783143455
29.736646283133204
29.601042284657744
29.594780774747594
29.79913115170943
29.912551687045976
29.552812559329976
29.954339046242875
29.386641995120897
29.702596373041864
29.68397647802201
29.796871639467298
29.885196686273375
29.916090413267952
29.736915138170694
29.6167860035226
29.52604096264371
29.55524372788056
29.479417417686676
29.36603831965345
29.672818568886452
29.62904235426529
29.74459463952465
29.735574724538978
29.78842326934202
29.702912404548933
29.64720209871218
29.66732251459562
29.55455021950663
29.596655918591686
29.614978750384253
29.608290245987813
29.61288263305335
29.738481552725727
29.651299079347528
29.55824570624336
29.63092358088237
29.740176162567657
29.672416000605313
29.445459969324318
29.36249121375973
29.488963566585593
29.546379783854285
29.487644741917435
29.39177533232194
29.418507953364102
29.448862364954017
29.500443772770833
29.58805866401447
29.550981871381115
29.58170990019442
29.471350720651433
29.626944448473004
29.489455295014317
29.433679705719776
29.577108164834396
29.349150105569855
29.543717138041973
29.62998824212834
29.518909127627385
29.47453499659153
29.539477288376577
29.647682256266418
29.366942271353935
29.24648280260871
29.617790741381537
29.52119800916002
29.68891401042456
29.712249145285085
29.536313342264158
29.648575010725796
29.571689130453546
29.527384461121528
29.422797833508927
29.75055696967971
29.468739992956813
29.72296967465285
29.50158386101481
29.564943417082404
29.668306106296345
29.463762796413462
29.528240616772692
29.70999837393194
29.774547270801136
29.67797921769244
29.57458384324479
29.541874244698384
29.572967433211428
29.53498781274361
29.401463361488823
29.78189471315672
29.306006126927326
29.130570772499453
29.634909680240682
29.603408525832634
29.54014488100192
29.668152831958903
29.810582044545306
29.41456291183551
29.42390212509171
29.55365591687371
29.523291461007567
29.53634438203909
29.500770733775816
29.352144137692505
29.479993911080395
29.49827327367875
29.729862132904103
29.68434604790421
29.774297547753537
29.680981652285016
29.60872711826705
29.430515755360034
29.47497589994631
29.50604694639682
29.370126747900173
29.30930775516213
29.38802548266358
29.502480941068796
29.700174275713298
29.636513185331978
29.45416916676766
29.27414445129175
29.19079495150763
29.64873838465242
29.456774859541763
29.339386211014066
29.540732019437108
29.230428738396583
29.541246926059923
29.55911233240265
29.763663649259392
29.655231741710885
29.41787361788058
