0.9469576980835792
0.3181024428697357
0.9813622392771735
0.6822133732379986
0.34185442208113836
0.2797388126559292
1.45591355289561
0.6387524959316921
2.0929211655316324
1.06367452677662
0.3886645093607906
0.25748287332740233
0.6866317968319592
1.0215122276623712
0.9242859037401628
0.5798540904367441
0.1884771749152397
1.0606135635595835
0.5173549931215179
0.3968685715114453
0.6406430596931738
0.4959330140719008
0.5026134026523041
1.698052577113232
0.6194874116565263
1.1642371577400297
1.819150507870739
1.0088611935114786
0.5916031134721438
0.6394619916807697
0.9310303980360032
2.010643696990837
0.6705549849440743
1.0736734153387322
0.1892058279257085
0.2756378461342402
0.5556204807555928
0.9251763948003243
0.7310362720485584
0.8825011635130626
0.8282198863987542
0.40098406325375224
0.4680648683447614
0.34263008571613607
0.6459435641071173
0.7572002647150888
0.6639038279947698
0.8661628773569354
0.7121316566609501
0.759802870521283
0.47023554333275164
0.6670613736821317
1.3721226483423665
0.5303889829710385
0.5920868053386497
0.44492478784874945
1.082808690624011
1.238009165760132
0.9117759525105094
1.082496150230347
1.2510426618514283
0.6773042765890749
0.5905751423738421
0.5698019018614379
0.2829122956444176
0.9908597206989291
1.6176441697882582
0.821720379399628
0.7300940718790259
0.6863966126264438
0.9587781852475982
1.5776482898589208
1.0772523326985195
0.6011739730045668
1.771064628722781
0.2215921210355918
0.6032919273181736
0.8002198416062446
0.6139319875212782
2.001757373979405
1.0506821553460963
0.7165935590335587
0.7259390118207062
0.7567729720903572
1.5813823653379089
0.8987522811758942
0.45220165570994114
1.0404381591812815
0.8488959935887422
0.5959759883964307
0.47439605780626565
0.9249871527921558
0.5201097909259318
0.5254269192642044
0.37935717996841406
1.397501563326202
0.693098173555807
0.775411980184491
1.3233507275377476
0.8017228283271277
0.4309923017960406
0.5251766430191882
0.7292907000203424
0.9957852100631663
1.4344185580828808
0.44600363413711014
2.323668952375059
0.6011404766740651
0.27038995851341124
0.7057158136518918
1.2585154960543439
0.7396828361283327
1.0369843234248002
0.7418622839214156
0.4868500587846063
0.7160417035133172
1.5478678059977535
0.9297207932818993
0.32854719347633554
0.7103443088454096
1.6221173087497602
1.4345586196128546
0.7493374083754852
1.7312324347623858
0.5928874379189883
0.8252665602329897
0.3911485559034561
1.6203261099158466
0.5396018025268049
0.5978174079267011
0.8416508675555207
1.1347191274210808
0.5372068819404157
0.38027120909859685
0.5777482589905549
0.34028397493497997
1.4576300447205341
0.5651332594406114
0.5975901466109295
2.148280638282013
0.7950502097074392
1.1859374181511337
1.9748154946996526
0.44299775091389004
0.5706685447717712
0.34964575998302827
0.9893924090980669
0.2827618768466647
0.9453010238067088
1.5000889596956817
0.27700669448874055
1.163667128966744
1.059281756640462
0.3625913175607072
0.4947063218458742
1.3298165400052044
0.5575871586760429
1.1120091735352027
0.2479207310987935
0.8395270922460348
0.1525672725712386
0.7857468116124313
0.5889260626803592
0.4130354670634118
0.7413225740325808
1.1679766300023313
1.1179520141713506
0.35600462221981827
0.7312524006155039
2.3445161663161396
0.5468734540868219
0.705088850876649
0.8416821672000979
0.6506124005665979
0.763431531773745
1.6620984532947682
0.705685683688325
0.9319730992375441
0.813582665220486
0.8362202536140233
1.1193111869649948
1.1863785795927577
1.4777795018413133
0.7005068414195171
1.8130063019018348
1.3112190686048764
0.516844478775121
1.244661394845523
0.45717804471846357
0.3982628241216152
0.8191469625082832
1.5746412170319408
0.49873179090114994
1.3419660291019093
0.6356793001865351
1.0596693347316526
0.9041945250308262
0.8900685989021235
0.9988812727956788
0.8778754771174122
0.983757888157341
0.725276482712609
0.5037869401124009
0.24208197646849097
1.0060309576309212
0.9860282618885244
0.8085288588491457
0.8506635657212581
0.4582862834877767
1.6357247988427823
0.09178898149992512
1.3162876937005965
0.9832734464716809
0.5847338158178258
0.12937913452588615
0.3765742742550737
1.0561133910300502
0.5671009539548705
0.8224041503560671
1.8642212426943294
0.6240140084879371
0.5273548378873689
0.8544655515165315
1.603598342386313
0.6142700198664145
1.2081762508533866
1.6418814896156075
1.953674634395856
0.5463146357648749
0.3794432760084981
0.40959776827285715
2.736841278816451
0.8785927690804616
1.3478935055506454
0.548415599793187
0.8090471036545457
0.34607341500498373
0.6650226763005416
1.0608786813018876
0.7742803486470671
0.4097890067362364
1.2442420016797682
0.5887066061565756
0.8517612054550329
0.7245154662118777
1.6464750759392979
1.2160589183932577
1.2783278465741696
1.567088442128057
0.39875201954824663
0.661753957680248
0.8557355808544149
1.0147891929839765
0.24081177703483786
0.6188557036249215
0.7318825798153327
0.6109077699220572
1.03078821717649
0.7577806728254497
1.2829487689245929
1.0705097931317815
0.5535362150106736
2.894540363587264
0.6269759599379049
0.8347166980748165
0.9737470325212011
0.8142373578888583
0.3629889615775378
1.1528802669520366
0.7985628557743555
0.5370072436098047
1.649537425599974
0.7494080154319341
1.247628441393391
1.0772905002607822
0.5284214189184532
0.47979126013975537
0.8160751025939506
1.0888585974457732
0.5471879693563265
1.3494497324245227
1.3247842226620203
1.0483941494055926
1.0078214466280293
0.8514961381126301
2.019025223958773
1.0227761599036498
0.7167811985241116
1.3133008696908184
1.65735618344022
0.8271401591055261
1.3420671547371141
0.718107805237178
0.9446525980683427
0.8224396899637908
0.26517057260998667
1.0926750923324988
0.6184156253958758
0.37683074540505845
1.0311875120473633
0.7325725300346104
2.9880461054931207
1.607141285116809
0.5961244702671518
0.39817524303808377
0.7771881328484127
0.8620369318765478
0.9089858142277473
0.5376294598091944
1.2357295555841386
0.2984513005606412
0.7856513251787325
1.1864135539656129
0.24156666180806285
0.35981715631636674
1.506997893155724
0.9138023679301134
1.237827858900057
0.8609086646123247
0.7995436199810487
1.4407795909172052
0.6596709479205946
0.9686204177200775
0.5582732377585584
0.7437133880316772
0.4416679484514611
0.7581695712406423
1.824433185218809
0.1345409368096793
0.2971863794040834
1.202240474164454
0.5285243047495127
0.405152902079074
0.31735875673395536
0.5941368347877565
0.9822714626920742
0.8790638630248129
0.35258169300575176
0.9859294850564914
0.7686087626252184
1.0903811087949926
1.5081239285682684
1.3604931703260073
0.990054920032908
1.352381312559806
0.9857085238482445
1.6952962052202563
1.0479106678443366
1.212812095876973
0.7270610303993305
1.0983502774627187
0.5676465496790662
0.7621262936451546
0.41842133648398433
0.21665508373645173
1.225640912310333
1.1008093426926013
0.8246013498909617
0.8304845099996055
1.2225460666941574
1.04089830699149
0.8171673363298253
0.7589626869246344
0.8680418023655023
1.2374318838453582
0.902410427517073
1.4815195367884888
0.2647450582001363
1.5505483792018082
1.539257042177039
0.4989371117431094
0.44177807954395976
0.42832987971702063
0.7732096195741913
0.16453655441891576
1.2834075081699117
0.8096666503679067
0.416599905777968
1.0985382675961533
0.8593422989757261
0.8722412876554824
1.2920512346079007
1.0055129253299833
0.5579351004813987
0.2259261189722648
0.9506475797565636
1.021440181024631
0.49191913652154134
0.671047582536055
1.918218610417122
0.6738838667384293
0.47392653639103366
0.8534121527575701
0.7076541283479655
1.6183502349536736
0.9949295696754973
0.5656006120186143
0.5274506024477259
0.700905186091573
0.9239198551825685
0.48804459904853315
2.9852950619176255
1.2666684157169488
2.01950921685771
1.8171592911726835
0.7030231017612258
0.6897833680722624
1.078619071588927
0.39566945394268194
1.0810963985562423
1.005304801873324
1.1744411009785378
1.2626673725135902
1.2929843667787857
0.7840606668975362
0.8805840945794766
0.9156713720966657
1.0370771154709384
0.43040313190148094
0.5734696727464957
0.38562966230860873
0.19467931512750783
1.0229144672721813
0.5918162240167151
1.1297015447016416
1.421656780986339
0.8416987821710945
0.5875465742466167
0.8388174164031232
0.9090082327772186
0.7520135562157905
0.8899180011479711
1.5509509906956573
1.844327551358181
1.0645635414214087
0.6075389615339373
2.960018640755279
0.7178913112024251
1.2650415903265118
0.8573919736609779
0.6462029933738809
0.42850605105325623
1.415038438594612
0.3486887058466935
0.8695974351535379
0.3784579853156211
0.5778834690107717
0.48008621893262393
0.4012329686518945
0.6639032094102907
0.7019789123148449
0.8479412735852596
0.33998307362892294
0.6848376181467696
0.8259028673713747
0.6688691719514485
1.0738317696745552
0.5248770797862804
1.5172810010002964
0.679300440693978
0.5780935616451721
0.6198908197523328
1.7025597463314686
0.571719452638228
2.3876192457989
0.45637300426023447
0.9446242596951645
0.3112735960332261
0.4543001696898888
0.8706717574975374
1.6980586120253713
1.623930507763396
1.0843737610066335
1.5710756920894668
0.5892735902810928
0.39539119542511664
1.4743799953250032
0.9748946201292802
0.3759185910557943
0.3360639401932719
0.31399415722418744
0.5465595352507838
0.4259653455805203
0.5817490287975219
0.5615880972849171
1.6964880262427977
0.2982549221537015
1.1928426664491445
0.45335945426809615
0.2647345426348873
0.9065092535770628
0.6055692641951708
0.27137563461792785
0.45515702702788213
0.42937956022342244
1.9391141633178286
0.6160676852164069
0.8862875528194171
2.0644915728730497
0.9585990931845719
0.5264797347635557
1.7920553292935815
1.2198236364984834
0.41970869659478105
0.9182313896699094
0.4912683814299669
0.4127390215801537
1.5783767009763474
0.3088087483441472
2.876107779640132
0.3441484356507317
1.4725853349688378
0.9839425592001942
1.988710182240664
0.9219998825225044
1.1715368932206682
1.0900864492735245
1.0022161270652763
0.9427287168906566
2.1618721914066645
0.3066778721220694
0.8113858887486288
1.1754013161822188
1.036458271784992
1.0794819589214406
0.8247760059740109
0.7090687602027488
1.049744142511317
1.1173385502615676
1.0414065304801896
0.5632685192589462
0.7466891610301556
1.1086173529008507
3.3009151132794496
1.187959435689926
0.5013660077708539
1.2134226901992795
0.19882687968926258
1.105165726908589
0.787932116671102
0.6192289237612397
0.9526391177542831
0.5944641324815986
1.1644935229944453
1.1600093184781752
0.5322753656215895
1.0437539692646733
0.8137683232383406
1.3816738796400254
0.8638695587468358
0.9786486467502442
0.8599980020592343
1.7656293880977139
0.22525168013315464
0.3504883826041956
0.6742093202591298
0.18194019573949657
0.5997257201032368
0.4146845947425005
1.033682749965852
1.4526888451050959
0.47321355784714497
0.6768769585600826
0.44836754156855335
0.38161575620708116
1.8110912077193602
0.5567195622250971
0.9411452593481803
0.557920408726392
0.5220198926550329
0.6437172164951195
1.192643139891834
0.8314832986267017
0.7071877786365175
1.6113356540519435
0.6007308291610441
0.6662562542060871
0.4594321987245996
0.7665475998374756
2.9733729431310336
0.6950826186105022
1.5169921327026146
1.11550793614974
0.6645340924010422
1.0058520172911334
0.5268799228061574
0.9429746869336433
0.6696332124849581
0.7744894091449974
0.8016841418454347
0.38925744466105827
0.7893800464287771
1.2396330250850254
1.6116028108159155
0.5226703358918071
0.8280801441949124
0.6369787972097972
0.5350111971062457
0.7753166290952807
