0.7985306913450062
4.8244673128170845
0.46187329847062436
0.7824999849669771
0.2933752976086782
0.6178641492132404
0.4742154564372046
1.0487865991000955
1.086131350991716
0.20531274881953987
0.9429853813833182
1.7512839569594918
0.6503374359316879
0.2661752635799884
0.9499355702710653
1.1888754538624429
1.2154961011454575
0.8343803578832877
1.0064263433650962
1.0888328757129488
2.2008317207273804
1.8038789139128109
1.7159153676970273
1.090495644941495
0.3726500113277669
0.621603279490342
1.0882588059899978
0.9622466744773985
2.0677670450588668
0.4914603578139913
1.2201359528531293
0.7015646174353869
1.5887344927458122
0.9358005494998939
0.7777174750371335
1.2742579002544296
0.48057250211705466
1.8117120689200872
1.3849750549094222
1.3746756835104963
0.9414867855605168
0.9940421140575847
1.7193498104227565
1.347349923262557
1.2087118665214172
1.2419921174063675
0.7258102989240135
1.2981588473918346
1.373607531427326
1.0192919033554995
1.0369593795868033
1.2388838244246585
0.599467812727041
1.7800575266025263
2.1378088494192493
1.242930476308433
0.42160634644758754
0.26625488214274984
1.6007236741510813
1.1023888685143017
1.1263185741229422
0.5696027103421635
1.0108683816941195
0.42732503048593534
2.5267968950315836
0.5472992292707055
0.5963477449883604
1.4421924020667498
1.0829974853930113
1.1326250714645343
0.9458289523468311
0.88622632145202
1.0973292642893935
1.1535858732283837
0.9134925192554858
0.6783840695825191
2.3600412394308576
2.5477606621164366
1.3343761513461778
0.5793596517195512
1.174540269268944
1.63003124294508
0.9669006072897857
1.024685141801596
1.2814002963186246
2.6652032840093622
0.9299864408613405
0.41604864856528956
1.0655225892659586
0.6791799801640246
1.3121548466993154
0.17154140831719966
0.6790095851068509
1.39576811582758
0.7980438513633165
0.4674323925020415
1.7345455736795836
0.8024002694047745
0.8608004193649413
1.5602712219685562
1.3907926742482921
0.49390443025125996
2.051039330514126
0.8064036835073841
0.8811516337373048
1.1229533680828114
1.0993110101403476
0.6970139073884518
1.2172663504016068
2.043975840367911
3.530737564975218
1.1120075382425645
0.9311264104965535
1.5699704849198464
0.775637176179076
1.8811401275935307
1.0149528955169245
0.6765793102361858
1.3443993453640033
1.3879152489839397
1.1269030555178314
1.209579445148411
0.4170648569500577
0.49829031563108195
1.04316196075839
2.7422996511618747
1.2243786764202278
1.5217259774106406
0.7580085458142629
1.4695632261828317
4.523520061988383
0.9348463914040036
1.1283846781703726
1.2628751279994095
0.7442457039998529
0.5011997488540152
1.1866736902856407
1.6995003100660384
1.780963799987333
1.509048896175561
0.6999986658105175
0.9115225569414419
1.2166143217583483
2.6930487353042887
1.2081056649149542
1.950722119321598
0.6492076814039064
3.112280149035459
0.5627601431215622
3.023280752059795
1.0076844726704555
0.6874027906222737
2.6037712444551517
1.2895260851103532
0.7715772802890704
0.4942134316717912
1.5989824294261485
3.3169318302621154
0.7905361815107749
1.5450537600759333
2.887685533621754
0.7020035562867926
0.956893419629288
1.0048229270800404
0.9645056942413383
0.44771410978322823
1.5165962955947552
0.7683295877345779
0.8205830141104118
2.379505621130167
0.28698610529704155
0.680109162930697
1.4185554883478673
0.7539243686437149
3.2921386347477375
1.9291478034260323
0.19027385343914208
0.778817709258158
1.2554220446738982
0.6243529339981015
1.2314083256227937
0.47655291724422044
0.8444033796932316
1.0465722804748956
0.7352110025089706
2.9237276206256735
1.2453655605966683
0.6154480997414468
1.2460418286989146
0.5669821513553238
1.2533127521224938
1.1453622920974729
0.7043369985737118
0.7827541769891424
0.6559048750226284
0.8410777672573573
0.8692998705546905
1.799251939788155
0.6170285952616776
0.4106835407040568
0.7805972660337233
1.080646535198563
1.7650136480932443
0.6358531249422325
1.0938980888409546
1.1371719808391065
1.6004134483184511
1.1465566215889198
0.46555817680463063
1.0358846088277085
0.8015395064145528
1.2012913262562432
2.7475919155354713
1.0852787031245625
1.334576516668392
2.1705570062649246
0.1112467796078497
1.716280678322629
0.524630193496028
3.4393538632527623
0.9517885251256717
0.7616316961958542
1.7391797711586663
1.2659249510321968
1.565412801593867
1.0242333728669473
0.9918278238566879
2.40885877792202
0.47722718975397305
1.4636282077985996
1.3856663933014024
1.8183931020126205
0.7218976851166705
1.195507552216103
0.6762437067718282
1.042810121412991
0.41652733848720563
0.9446659007621354
1.0846902317149378
1.8665046552708962
1.0938527074311128
0.9962172579368416
1.2920167255256196
0.9358499133982676
2.2331683592079643
0.7983043028932418
0.9781901081262863
2.366954557715844
0.9419349243102431
1.0111119032741773
0.48328362289296584
0.7100444496544024
0.41653974221705936
0.6570118140699963
0.6269125440270594
1.5205166434757722
2.4135388165441887
1.4856799342209064
0.34114360151475215
0.9727529935476851
1.9169728262439376
1.1699449183963893
2.524021224581762
0.9402066702913414
1.2772589456450893
1.8751787401812388
1.1173290470821318
0.604015233509764
1.2937946525274517
0.9929330332816535
2.0390334995839132
1.0342049709150962
0.7218302854048984
0.6543269272755297
0.30715327145084026
0.5432239386529699
1.849910509788803
0.30361623825090683
0.6623035213256933
0.9490593594199764
1.086417405609388
0.5561638499465529
0.30613198822002546
0.603712851894397
0.8575751285516644
1.6282763387808659
0.8409298387442056
1.0266870463248154
1.1102025117751981
0.9664893776306719
1.1660947389730871
1.576233400359536
0.3979987379525502
2.0943137290153517
3.00737471742579
0.8808368587984546
0.7358062826257661
0.9753270264292474
0.9831443395712104
1.692301075994219
0.8586598407722786
3.387403851602109
0.678794612123765
1.6184689471696512
0.7668233261132258
0.8187333816763747
0.8210196768331449
3.3145148790997654
1.2628052619489953
3.9059002360523407
1.8336008212215626
2.598772650272612
0.17487174354122353
0.7145791428541565
0.6812221789813404
1.2997538689233878
2.578416948899877
0.9450466542891225
0.4924352805337541
0.7533344539577996
0.9499501858718977
0.9499127433870654
0.9680782992003134
0.9305891191748723
0.917631943172607
0.9300532366057004
1.1986194392517695
1.0376628165681838
1.5322166573345046
0.9463761605158361
0.9786555768768417
1.6941182079015165
1.684788782423994
0.6048489705244915
1.2672708823490106
1.0506099937565105
1.2297322867489764
0.7654033978755327
2.1045138641297743
1.8627508361378184
2.0700483326024672
2.105171721763352
0.8638468206100096
0.9311673112306016
2.3629772627959613
1.2883938405250486
1.309149969760952
1.6951629801705321
0.8108510188229671
1.2531736850169741
0.9183753904459201
2.263404042187179
0.5688362359240168
0.4779090636719167
0.5186965416992322
0.6691961918457225
1.3090238217130856
1.1336886167582705
0.8912772494470964
1.4232434984058775
0.7156934945006338
1.456284211512183
0.9106878265534455
1.9663557083191536
0.7249241216899499
1.5834881993035856
1.7192745114763144
1.432235327275785
2.1312648291686345
0.5416353595026006
1.3791167174366823
0.7584055120049863
0.9104581595240016
0.7201496157822178
0.451447725128708
0.5929105179935231
1.7826722461050866
1.1000265152962763
2.3826980705807403
1.2039891300086323
0.8904465992571499
0.49536402073560903
0.37482488760424365
1.8754792445430604
1.7873167934480523
1.5403752461971931
2.080049886924994
0.8312762470541216
1.3368280363479665
0.48683065739963033
0.3400100746275207
0.72084585634423
0.6710382462017958
1.1221553571124658
2.2437799520394153
1.0763823495107476
0.7226660264177542
1.183137325450508
0.7305746617522371
1.0909572141296255
1.1235227257636649
0.45218848056222877
1.7245674764419157
0.607057764462764
1.3069724415385722
0.9307546011217606
0.7547325353390312
0.780173343601181
0.40122469829370866
1.1073486375611328
0.8838170573404815
0.6561398031696293
3.455188710883241
0.9001699408441961
1.472962542040033
1.4625316926747873
1.160218787330666
0.4757529091963479
1.4399180052371936
0.9166050048957666
1.7433325910380573
1.5242423194839014
0.9077244925936542
0.849025539688995
0.9381473323780858
1.1184237723515156
0.966589236909323
0.979752490710887
0.9805938875822628
0.5353185601219772
1.712027483565185
0.906354180941381
1.0787889296592719
2.048852918275498
2.861062021373661
1.8778166094262256
2.1031813083142747
1.3275277589536094
1.1050480284006015
1.017931224701502
0.4828527803091213
0.68082579676106
0.37561817185974655
1.346095363891004
1.2232802952874229
0.8260023599541189
0.9093652239487892
1.21836182454675
2.0339760821082593
1.038436179989306
1.7402069061146852
1.5996608346674956
1.1536025944392085
0.23314103782765058
0.9907233786291538
1.0691992136016581
0.57503099994908
1.1511444672961249
0.7845175494234526
0.9176166913713623
1.451207710486414
2.081443296184674
0.9588988266672089
1.0438140787824888
0.9558753665562695
1.2940661006977479
1.0276826270814015
0.23913298792038237
0.778058585093136
1.246985341925081
1.2359306863716983
0.3933703271776137
3.138141464265665
0.2894525823616925
0.7872979664171694
3.190525991064516
0.7773746589905843
1.2752268035267043
0.8902357182881174
1.910448262869018
1.480758168215909
0.8451465905385179
1.3357847868063122
0.6442630730457923
0.23183760247843938
1.4478713737039404
1.3807693804444636
1.3984647634630374
1.5160755680847064
1.4567836600002804
3.048669500655131
3.4673870063407564
0.2152057990143503
0.49517669154446803
1.2083563416263645
0.2872871004106837
1.860351114013402
0.785233022045507
0.6093495984084574
1.480657647939412
0.5337745643148074
1.0725345764389236
2.274531973672874
0.7921211676071435
0.44325325174711605
0.7152697315683956
0.7687887974280218
0.6919740485974551
0.9361866319897764
1.0029851167257449
0.4419774691141898
2.3971551107983475
0.5575530713276579
1.1804022560823126
0.3786109031402011
1.4028298234325902
0.8535851678665322
1.0948872730695198
3.4939671132000885
0.9467820867436648
1.2307972255572843
1.4376968966312011
0.6168439573592415
0.8953889943119075
0.8303749626896839
0.9586983095594422
0.9125733594612968
0.6223744069503361
1.1322960324712068
0.8704832925356959
2.071289880167421
0.7100996535249494
0.5436772702217596
0.8432708607429086
2.755562422002318
1.392814963240691
0.8151414730378752
0.26769921671475394
1.672503516375059
0.5768230748328826
0.7114037406213104
0.5921461810197814
0.814634987740165
0.5788093259901584
0.6507051741947288
1.088551037764435
0.7656308539926171
1.4996590630234916
0.6937231664837155
0.4663617656825244
1.769200661309978
1.650120815861232
1.4433648927898926
1.2174257027254638
0.6351484821256723
0.8084718129965054
0.7866723324090533
0.8971837517512292
0.815323248539435
0.6435390903261305
1.359620466096331
1.1606482750362777
0.674716130765454
0.360956660892014
1.043729115650737
2.224323486157582
2.5427891521765313
0.9757746516003633
1.3682979616138051
0.7155239452945633
1.2408727830331208
0.6542702865921793
0.7669498366696113
0.9217927115056512
1.0323287784546151
2.661958761688568
1.010034509199169
1.637407029494998
1.2574527845203818
1.1188741614475222
2.1844832321749825
0.9684937650869522
0.7336363161442848
0.6908215328158224
1.2967825076741608
0.600234478758156
1.2866090516770212
2.1981277941559187
1.1710014670769011
0.98769658344961
0.6177448969178888
2.51589497912812
0.8248447554586217
0.8826080157305661
1.1976773982673927
1.4766219513196197
1.7627224839184743
0.6562882535662667
0.5411542108909098
