29.492445269886975
29.700499550575767
29.83552844391705
29.512321008525145
29.504021794637527
29.231639877086643
28.62637042406718
29.276004305712167
29.33654662169384
29.63573255426443
29.4458114733772
29.335684518819853
29.35997766360446
29.428599020774218
29.519736103065977
29.36816449834171
29.24611984989567
29.417129122379738
29.62354368517601
29.344468400999986
29.53624467827958
29.465325076780022
29.564112854133242
29.571451432089468
29.750559360740777
29.70241831731866
29.51722623656199
29.640919201907376
29.58037858568466
29.676038841908202
29.56662286646343
29.660744333777796
29.716403166187092
29.83485725170654
29.464957867008263
29.50118094940157
29.59782634852594
29.485649968271453
29.61491965538197
29.657567004349804
29.46249841314965
29.580870648503108
29.561309298523902
29.696539947931296
29.49109816544773
29.664888263915774
29.555971231549353
29.77458042706777
29.49428824701061
29.527276048205326
29.42795691060467
29.511432808758986
29.39377549994943
29.63565138035999
29.20947246773615
29.581593568545575
29.661847053944797
29.935237941070053
29.661599125429554
29.423416405656095
29.32993415624911
29.208508493057476
29.314534262612277
29.471068424708413
29.64589334717909
29.73152988016114
29.852542010563333
29.49952760427104
29.58088957650588
29.56322184315841
29.463805683969802
29.561374136789787
29.5370517312142
29.686899066088866
29.592460304447208
29.732105771182216
29.711516537641202
29.629294549866053
29.43368385551962
29.521001087992534
29.461640726336498
29.786339819250554
29.383369746038532
29.478848101077176
29.639730072394677
29.649978099699602
29.536229855043306
29.64381344537304
29.567264835762302
29.65689868714415
29.661180102875132
29.596722460560322
29.540923453424615
29.656286527364422
29.5421020501629
29.780726430937474
29.602336925557086
29.50524811266263
29.562321433445387
29.446255052195127
29.661282262052826
29.732406080185157
29.526955988705826
29.601482775173736
29.523918005335556
29.588371383749475
29.72224184424001
29.53000827571863
29.418485751562258
29.471029483766973
29.730189324504934
29.593174645131977
29.719884209725038
29.58827453573406
29.715428598649588
29.750404069032356
29.556295200910096
29.557716633808663
29.393728277925774
29.652220066262725
29.379920235464823
29.387301346601525
29.416670780174968
29.59556201755517
29.656364621340288
29.59149160445781
29.585558153196367
29.55863522033701
29.40675170739995
29.469392736151583
29.486014079961294
29.449555751408017
29.31573249948409
29.23067277323736
29.49957601444848
29.529986018527907
29.67940234721648
29.528322046137482
29.51760793832311
29.54253000246103
29.417101960956128
29.73808827810644
29.376597530707162
29.276533645653856
29.540183062263157
29.768675232428997
29.525293618338228
29.512545499078954
29.500315147226615
29.485565171650382
29.549060778062874
29.583308656068603
29.83199880753176
29.559593951208498
29.450393675210925
29.586562610925178
29.766053500721856
29.603404848084587
29.760222991423188
29.75037071706843
29.577462762739078
29.747575540346016
29.754798290438398
29.766293759812243
29.65684224508431
29.80136314258402
29.753390599190272
29.795500700109038
29.64247789361177
29.710497181374667
29.331234227440007
29.455797146856057
29.585887571261118
29.713119342214043
29.411675489789456
29.771428366398958
29.682405627023506
29.91302698324353
29.65044347220075
29.558666351630798
29.604150897203176
29.708552811291383
29.63026164381587
29.63573513846894
29.610783787019916
29.597827461421847
29.580373424766638
29.652667277684543
29.82060636459974
29.667335699269373
29.731620818840543
29.584474523953855
29.64065114798063
29.412433726633203
29.439203455190746
29.54776849430809
29.70563930966846
29.488499012343244
29.43981384986096
29.46675490737096
29.53983173164575
29.797782549291906
29.68456034768854
29.600023700860707
29.359387907878478
29.720605480696445
29.88133579386699
29.602439952843984
29.517311776606842
29.70879579823342
29.641838388497685
29.74013319748459
29.56769892559656
29.602032718415483
29.547869074976415
29.3933215839177
30.56935529157309
30.263868103870884
29.606588066511126
29.34235464677698
29.068656847155843
29.290287894975606
28.718854298544702
28.57419448282347
28.479993712883285
28.397468824531103
28.215983625381803
28.36868607369845
28.60521473153623
28.851472302205263
29.138027095688955
29.418498582654532
29.910664817808897
30.017511501807665
30.21837432611083
30.688246510896807
30.790380061584752
30.918623889955924
30.843466973492767
29.550109652994756
29.391027828110182
29.321755817104492
29.47010752234573
29.738239248399854
29.689924062624705
29.517495788530713
29.603182475473186
29.669321587546616
29.624751356017864
29.647089496176545
29.79774498017821
29.55494673260188
29.489042890305193
29.7473816043214
29.662311007502666
29.387912442566027
29.77088004120579
29.593362774074205
29.788873009291805
29.815276392008425
29.776354621270162
29.738919013368943
29.668805830853152
29.49468342379041
29.230065895670332
29.432902436289435
29.486835154949137
29.58674315250157
29.701082530162562
29.560852973423067
29.571508386716115
29.56898125651305
29.641900393210978
29.572947397173643
29.366468098950605
29.216559206884106
29.373186863990103
29.61782779695474
29.276954030036183
29.485502481290464
29.8244602761603
29.700075540412247
29.769769106005736
29.694974291429286
29.709780199320868
29.63247668759561
29.6012781501165
29.860105863289792
29.703327045068942
29.571877037625562
29.469130314459647
29.795440385268126
29.574329706087383
29.7648608483394
29.792549238504908
29.918282357790215
29.71901085437516
29.566151601548217
29.61212169621223
29.654429741757394
29.75747258203884
29.69169919146216
29.961682818688892
29.802713069767787
29.953469281181384
29.668184067272687
29.82347651029259
29.77722231438327
29.76543622342094
29.800906029436312
29.62995657549342
29.403520780592444
29.678884065027564
29.38450616363162
29.735259980661624
29.377394535943626
29.65626101410606
29.798388108048297
29.736263869101016
29.693092782933473
29.34543865089482
29.468548720962993
29.502146037611684
29.68856109663459
29.465708264579284
29.580989021163315
29.84096389071995
29.695032933839027
29.763632965170327
29.834577038644365
29.75434138940119
29.647700129414705
29.563052559456434
29.310629659905068
29.30283224924613
29.63745655443658
29.435165393742484
29.60491243650377
29.661090181858388
29.70987761351987
29.707128643875535
29.489646230897854
29.673728897000835
29.688649354974036
29.796728070327685
29.56994670984586
29.628850908937718
29.646899936482146
29.499503668032002
29.79946455070759
29.5425644243561
29.412054920093457
29.848168340342674
29.825965093078533
29.729435189500368
29.806120601587622
29.721840099848013
29.336992754644985
29.538565692220615
29.8244592537814
29.888085015844958
29.594916817885437
29.70305524670017
29.756411026935613
29.844662134798625
29.81342435609251
29.612897967467994
29.763178425519058
29.510407833477206
29.659708077700852
29.550663542253513
29.804791134759018
29.742985200347658
29.835791605649458
29.858430721517365
29.811946962980013
29.62948852387718
29.654160529886315
29.77221783549159
29.68196540928729
29.90840173095638
29.58694050308852
29.816230135266135
29.689685148022523
29.55819445110876
29.465136198761183
29.501326619894982
29.688867441987046
29.554772267244736
29.591836599156423
29.821245714830074
29.921660817878706
29.685954453764378
29.48349394408079
29.302062743219057
29.328594045437743
29.43817606017534
29.77220284662476
29.833850309895997
29.47736142711878
29.731090793839652
29.90105671962104
29.833490254358384
29.71384661518792
29.734538996227883
29.673524381056946
29.83745583698605
29.601989478377206
29.418791153957947
29.58815431062347
29.771094900647075
29.82256280014523
29.824304475364517
29.694908370296456
29.776628200950526
29.544414179765738
29.533288502216852
29.410394531340817
29.515603624482498
29.503226581114106
29.675478165607572
29.71643474132155
29.767161639385655
29.907745919255007
29.87813483609551
29.537395415149298
29.74367085417235
29.732990010414483
29.68280778651849
29.472494237367012
29.620870579429152
29.760844343463837
29.864522056922322
29.32853058169316
29.386011159295226
29.768840927637328
29.601853847787222
29.49183841018752
29.821941379436403
29.73426931942748
29.64532367315053
29.525426174811326
29.795001609560256
29.660912129174818
29.669748006053027
29.866416557064014
30.03418744651349
29.645664012421218
30.021901833573395
29.463583458836066
29.788401975506904
29.758965234916438
29.86085897914516
29.951810874166583
29.97258644757036
29.771525077337685
29.66350806804145
29.570914107033044
29.625852174778707
29.563578920290286
29.490575568212737
29.82438576704779
29.74308738071106
29.83893500384206
29.811426501666073
29.851384587315483
29.763364608358955
29.690536880143313
29.743169649210586
29.6344349237147
29.69169600716977
29.724853262864062
29.704785126550057
29.71560465721093
29.840439536387798
29.741914353805672
29.639458207559304
29.69834697759655
29.793927286447147
29.746682082474123
29.533182130753236
29.450344708740232
29.57634865166079
29.63572123741055
29.60446110937238
29.514381204456313
29.548442124034352
29.570485418428035
29.608042653599135
29.68005615342871
29.631391279355494
29.660676006952475
29.55786198295559
29.72623511479615
29.58805290366467
29.531580573356887
29.7177863634607
29.477902250401474
29.676675092672575
29.75122543509332
29.627577398502655
29.575252088741788
29.629488210173122
29.660581871979815
29.374280563762927
29.245602184807346
29.656090415259666
29.566316869000158
29.769695405511552
29.76755964963454
29.57242472084757
29.665920629379304
29.64342568040889
29.584260793294114
29.46393195210557
29.77953881376429
29.502147395463048
29.728110088925824
29.522127561887643
29.609227344618425
29.75929457485049
29.554929119502663
29.602490166311846
29.76687644097863
29.819283876304052
29.705665061620586
29.579724696533866
29.528027399298693
29.572076481871807
29.54505356487867
29.40787183379955
29.800762843791347
29.361351279535036
29.183005868534572
29.688553620400427
29.64155788805056
29.561397539605267
29.671068179897592
29.800709041221886
29.401563168324216
29.409403746979404
29.546030083005213
29.531824569835102
29.61631878739149
29.555291390393172
29.40325395587372
29.524054397008342
29.535404723554432
29.759950883276343
29.695253643849096
29.770411596462687
29.686873626780837
29.60362434670248
29.44053722296884
29.50899303646349
29.569074926163722
29.42759703266023
29.360647142842637
29.46724032205419
29.57069408096134
29.73231925593591
29.654459629688436
29.457677881976128
29.27369552964366
29.16762813569057
29.609941082845292
29.48778464506104
29.376671947864335
29.622749667208712
29.296060761073367
29.597761018326345
29.611725017435052
29.826394937575646
29.697816055670437
29.4374208852295
