7.548288825619569
8.272508892349945
7.512889429984393
7.632968833277558
7.357878555598528
7.782025363485013
7.686846166404779
7.731839042722915
7.69829103145941
7.87122384100062
7.314396369948996
7.128096431885037
8.29162995936044
7.729475353240418
7.39323037955557
7.8011978433607245
7.777362532723574
7.562029240696058
7.76225547102826
7.88666567828054
7.711796215988571
7.622233217755698
7.5633104750347195
8.068884985959937
7.6322671048536455
7.91689837606561
7.560407903328211
7.765538503838258
8.102852113300978
7.79277675474584
7.573355669800745
7.808266561387638
7.663510623792956
7.779146573237671
7.781584630697771
7.868787472151941
7.655480889466444
7.652706357474035
7.4331329827543575
7.978217433689973
7.593974021979878
7.661190343253138
8.262756812758003
7.621570202553867
7.96570292953148
7.63365823086588
7.861503810025413
7.603223489842877
7.770728125851753
7.648694968702675
7.461005666058165
7.779128631341344
7.948854841966286
7.726347358572509
7.455284737377336
7.666625641316551
7.920645436096554
7.787587268848701
7.6991401592926
7.7922006684183245
7.842275331546281
7.611418315305763
7.6061330216931795
7.358119366886935
7.697590719892073
7.847056700043378
8.002466131020757
7.807128133554301
7.767631962428678
7.545723885551251
7.816714899493514
7.745386892189577
7.753991749698633
7.559737477785498
7.524037947165341
8.460488374122798
7.150350140994229
8.024963131372543
7.719087662722635
7.533049482808611
7.926602616624411
7.597195749912809
7.7921110793662685
7.8619537487548135
7.7521610230716345
7.748863016375291
7.61118708847415
7.5993702947548245
7.525761738392498
7.533003385722844
8.319542790525837
7.492391234471414
8.024613935156829
7.708781354073477
7.846213811937317
7.721669055602091
7.826731964318727
7.729106753941882
7.532042199583678
7.704144499614611
7.886741162130829
8.16989295820037
7.412473976228677
7.658029729128967
7.709425949814318
7.841615556658722
7.684118850203351
7.736857153524665
7.619296390905036
7.726798232278905
7.903555256288631
7.7076674922241475
7.837553896042035
7.7091053463237404
7.72475513386971
7.917206923765571
7.536528200984332
7.804667179993062
7.651116985139674
7.6780200194808215
7.790754622670681
7.557593685357197
7.825713849031919
7.616955353668688
7.842231931377472
7.653652784331057
7.678064559859323
8.165958020506826
7.451295458162335
7.69860416237683
7.517998388184695
7.869194433828367
7.693619550244822
7.804731354458877
7.43704287288663
7.628741103327064
8.070426521541922
7.596851609914082
7.5674753139417374
7.981010775541771
7.785009296465056
7.589727855927923
7.48447468289844
7.90085766089596
7.683493508989127
7.832878020670896
7.651543056780035
7.735741305573082
7.729447325233281
7.857131549827791
7.310724074137654
8.059397589934239
7.653415156611422
7.711114072001449
7.819047526699915
7.714933641614618
7.847865677993495
7.7519084672141
7.6589455510845355
7.600827047253279
7.734334089748191
8.019243697356297
7.973321389200283
7.613722884613698
7.568280373375375
8.156155940463265
7.832301519048497
7.541053777958959
7.720288863612143
7.646780215554263
7.772677268376658
7.87334369268996
7.595211708595707
7.741634058592677
7.787145535338078
7.721387279847988
7.789723248927098
7.645928271017082
7.79967523446981
7.737723150506178
7.964010543772563
7.825111268253974
7.645146083237864
7.889308685438834
7.491828051901884
7.813646831836273
7.899874435847635
7.764038332558991
7.5318137038481
7.860676986316986
7.708117085363572
7.846361961896726
7.611601971011613
7.489389025601939
7.757604839948246
7.618488331852355
7.878652221443321
7.600359482159808
8.035709576047939
7.4122848669537955
7.62350933109222
7.773826565893559
7.903336993486791
7.724915600454875
7.834286494596033
7.835001128634419
7.84983717389848
7.600329129368248
7.521470518171442
7.914519463732551
7.811179770548468
7.731798225270545
7.736681023441647
7.869170503501006
7.619143059630985
7.9050035727135
7.888532442782792
7.54940412658579
7.709499709242002
7.6578885582711935
7.351872864569105
8.541368007229721
7.589358880181438
7.9202850487970835
7.758944751226905
7.626641741577462
7.42155279246725
7.7555454141962725
7.854480380066425
7.589298193255053
7.717768940336099
7.463456561707329
7.873323754220539
7.675489981063996
7.876539261539172
7.662321102611224
7.589354082730686
7.787210878630989
7.922014184348864
7.422626580374122
7.717607827397476
7.4927838114006855
7.763282931971022
7.8899119342935355
7.840123069430301
7.578374932345181
7.793736096073726
7.72497251475804
7.76204117192398
7.6714758686359374
7.788880008914245
7.646866808111837
7.886315116379475
7.673171716695227
7.584017499973754
8.192036631146678
7.843792482379623
7.612671391715201
7.765454828766658
7.5942358558922605
7.760286878166647
7.918131535115102
7.820215092970046
7.536780101308869
7.662712351418982
7.966284361289775
7.576500088382978
7.864266260255084
7.668127209785465
7.596224794828232
7.630452640001115
7.9215666476648225
7.763005941898559
7.5469722453795605
7.737302684282772
7.829473349823948
7.4898613614196785
8.048138633538123
7.377583874572409
7.965798715965341
7.854919384367901
7.875522181217115
7.756932764081124
7.580220463662472
7.644535621710106
7.915176458248442
7.6416783278296885
7.9439442133766605
7.652068919824973
7.569290381499633
7.874651523343003
7.588381620051628
7.904387099388689
7.606217462710583
7.5877948707281515
7.963811943837822
7.77539865672813
7.813922756731925
8.098040531053933
7.357955267621218
7.896079096185094
7.872731660523554
7.606843561523339
7.584323583115424
8.233547811171276
7.321109831263137
8.24139611808776
7.72778399481834
7.780554989973356
7.772797073034935
7.6775456350496825
7.613315190410228
7.848808539369757
7.884081306755843
7.624619674893477
7.658185454646233
7.740317540953034
7.471581264601771
7.522945437949808
8.491534109686397
7.746390334173229
7.979945013875626
7.542105068987496
8.015692002643654
7.4628103154052905
7.834915937753678
7.7670531682043755
7.8021828479723965
7.716725846278691
7.647057729626021
8.024909558365804
7.457475300324502
7.691415699667291
7.850495274220968
7.73749941536487
7.964885629766697
7.541418019651382
7.588573237687854
7.773658085731192
7.903054886623828
7.570917139572468
7.858003955794836
7.660219844190789
7.564774777483588
8.190314251245887
7.749801256825582
7.70519546381793
7.869871892045387
7.777389614106918
7.605308098618166
7.767895718118147
7.567758746701403
8.301365043787634
7.815207451941705
7.534596309126998
7.746085466715494
7.881905720361418
7.722736137374045
8.104260703914443
7.87862400889891
7.622346172520747
7.819473015832063
7.545536052052485
7.7657351148277955
7.766316333583797
7.932445669317973
7.7317607233662375
7.651953147119615
7.834040262339787
7.889012026063846
7.54843216256028
7.883363227636673
8.01071673760361
7.527171718441145
7.748439336757023
7.515105298316596
7.992441532440363
7.814856293095063
7.908305446513568
7.752811212509357
7.7114127567032265
7.629956181845245
7.844794263279945
7.599046082496334
7.871536209831203
7.896868573304623
7.259176073007649
7.760999682571795
7.933084887114478
7.674526844843295
7.8671949473935285
7.796713798923332
7.737923105501558
7.714704547948219
7.625967591420513
7.5196369762233655
7.77049840849936
7.813598376197542
7.802362938975232
7.879225766646602
7.884852770709016
7.823722279604908
7.635427631024597
7.599400931093672
7.994468397749095
7.821024477921287
7.617487595728104
7.648843899709001
7.680910327177605
7.585456256046726
7.815444409023511
7.995234763552122
7.763209610344957
7.729651981676381
7.592221884497544
7.716249848021122
7.592052101121446
7.8609196124724
7.9639926831381755
7.639604537651043
7.804430229788964
7.536020700980474
7.749100058783509
7.522016233556266
8.364225759763157
7.710956561590647
7.527304013553743
7.805896739651554
7.782705278964028
7.95003262593104
7.698683429669905
7.538531166390914
7.88655636014825
7.700619565158282
7.863374319575449
7.765809401873108
7.427116612677162
7.553104322363028
7.831931810758506
8.050704090675472
7.926742778784452
7.6476413074084855
7.334182445349072
7.7821087780491425
8.090292679395919
7.914652986943571
7.821955619579693
7.56037435607811
7.730126202900067
7.912463888318401
7.971545916611955
8.019411863943535
7.770261284073292
7.691466207395792
7.790515904163957
7.61589868454337
7.60820026666084
7.83747232040384
7.718827500939576
7.917084037850859
7.793842178519029
7.511186748247375
7.941896067069278
8.027439442856982
7.51227518683041
7.839516638465883
7.9205259657693174
7.700106053372728
7.65956875890202
7.8544536637483064
7.586209563735355
7.884515378825088
7.952232882591793
7.451282206937308
7.835295786915131
8.080913149700237
7.6156363313435
7.736861841166208
7.718100658726805
7.795267426702241
7.723843667055112
7.682881393630702
7.626692119397966
7.80603617698823
7.946736226028884
7.49052667846933
7.686657205637665
7.916434001392034
7.625675602747366
7.461484482532636
7.886639949996928
7.944962860967611
7.684646944605903
7.970042828998403
7.376249029823473
7.844496375529899
7.582754057438688
7.996628924179948
7.801987896034824
7.700433770062281
7.656053252983211
7.746942528877975
7.5673549483860585
7.850791935767215
7.643931992332143
7.680260809522742
7.627579238308237
7.843253025098901
7.845271628369092
7.713592376383618
7.5405704455581635
7.746381863235289
7.622500936002262
8.243272499960606
7.813310060335032
7.364705110647849
7.888552032477462
7.625309785029191
7.735139424050689
7.567076677532988
7.92582894556013
8.151484978120825
7.635914135956713
7.34678214318834
7.896504801447425
7.9264823584755035
7.531603665258351
7.46490207899333
7.964859632726256
7.303885149921993
8.274069640177244
7.792997572087355
7.844151410380145
7.617042806211138
7.702441629479647
7.641982547416361
7.538241650492088
7.615107868400788
7.965622686659341
7.603363374987758
7.827848678971037
7.331327437899702
8.048915872096755
7.634566167198091
8.089767051029124
7.649895347890159
7.711518224270026
7.5573737036094455
7.984920258319853
7.724940989657143
7.51944217485662
7.730691507292652
7.781021972937106
7.862169749243802
7.571934963894974
8.276058174578978
7.5370111796456785
7.579023073598782
7.469283943199059
7.865602619796407
7.435777466628564
7.665977970178075
7.672790317647442
7.89802198362377
7.755903725861074
7.844849216447945
7.613004461755676
7.5784270110933
7.94677766975642
8.085713097894185
7.379753527139302
7.58133770398161
7.668699925139819
7.99792212718968
