00503-02	0.5586552893294494	0.2506559018299444	0.187532041583372
00657-00	0.479422800121496	0.37278829303697253	0.16655197315837417
00502-06	0.8399028119306384	0.30421726108936703	0.2545476835813982
00503-20	0.5420327530056501	0.2727175960541914	0.19791385860753558
00604-10	0.7927831430834972	0.44046131861712573	0.2801555134941792
00757-14	0.6971387897982603	0.6807595787692131	0.295834401829605
00604-02	0.6255858577224308	0.3919719111276563	0.23491307525741956
00503-23	0.5494486431482065	0.26452397605199784	0.18867475176827786
00708-21	0.6073373162928054	0.5609109702474891	0.2018403842714143
00605-11	0.47199359871170055	0.29272533564857933	0.20704047406063833
00606-04	0.4874603075353597	0.2964198007029132	0.15361989118118852
00554-09	0.5326549977235177	0.2812516307653969	0.20973283792945085
00757-20	0.5215925776228022	0.5329006717871831	0.2618606150778637
00810-12	0.6849430395196786	0.7573546477021483	0.2710887311411162
00758-03	0.47449472154829203	0.46600385057949795	0.1986916932945725
00808-06	0.5147873522603802	0.5406395356490596	0.2617407937595383
00453-19	0.5759410820562892	0.23322255125283256	0.16901788060185957
00810-14	0.5441300634481697	0.6741017368685356	0.24577929961820677
00708-04	0.6309448009993142	0.5162962642099165	0.1967451203177164
00759-10	0.5986296055847462	0.5810664222175523	0.23786294216730816
00504-07	0.5706270848554496	0.2382171270627431	0.16867969725550283
00655-10	0.7926729076705517	0.5185801063507112	0.28589733822158847
00504-03	0.5727147474822398	0.2503109057664132	0.15801753171182456
00707-11	0.49063567099265387	0.4094572491967603	0.22090752043162112
00810-11	0.6904866796739432	0.7500645072029966	0.26841656234087874
00503-24	0.5529457316129885	0.2604206336868537	0.18721438414113553
00708-07	0.6318865409341108	0.5055656655221723	0.21197800101755673
00453-09	0.5922648258752544	0.1980396007564077	0.176154305769394
00555-02	0.5007163766464722	0.2599120231178278	0.14957296886044363
00759-19	0.5753548870410228	0.6342080112780991	0.22250218225353663
00707-12	0.48767730610507154	0.4144198545164176	0.2226266513335482
00708-12	0.617499191525579	0.5234138256695732	0.2345374085018922
00504-13	0.5548121323643251	0.2556698061798943	0.18263953723290952
00554-12	0.5263436034230228	0.29275630687811827	0.21745881716641657
00553-09	0.8191986097396113	0.3707544012850754	0.2731028334948624
00757-06	0.5458685367275352	0.4847457932562479	0.2606760606739412
00502-10	0.8441412481982855	0.3127623573814207	0.27760062707292094
00555-13	0.4901075018856941	0.2611571819383622	0.1740840024672777
00655-22	0.5400813239414614	0.43595875515543214	0.23890925293658566
00758-13	0.46237779629366876	0.4711591347559672	0.22991507541859743
00503-10	0.5531211120065407	0.23903067597275893	0.21420993285984447
00604-05	0.6306826483364926	0.3774370798303727	0.24346208127362767
00655-05	0.6042803373260718	0.43564266012068176	0.24305008317039004
00657-20	0.4436147753729225	0.37343831963231333	0.1593542425954248
00657-13	0.45167900026942165	0.3535103086391091	0.17585969400715357
00708-03	0.6282973845875002	0.5225651017324937	0.19363541538286752
00707-10	0.4938294586661752	0.4055753889339946	0.21823835362252894
00708-19	0.603625244756649	0.5629810499634506	0.21336700263585198
00452-18	0.5609940015519531	0.2278031441937487	0.20674041713023952
00554-06	0.5379012798053938	0.28115034527257604	0.19767310056473858
00554-16	0.5173418921618412	0.3120005970468489	0.21284316390537766
00707-20	0.47794684669674364	0.4439157276718647	0.20244793715606463
00502-14	0.8352808167414125	0.33843047234341966	0.2842267696099674
00655-06	0.6061403634259233	0.433844479636759	0.24793891663385279
00503-00	0.5775079755916933	0.26494318676612	0.20698582480919622
00451-15	0.897415162817843	0.30611517099412017	0.2806528903586969
00707-09	0.4965436235549563	0.40266982646148686	0.21469570109167913
00706-02	0.49335127908036036	0.4142247368124689	0.23406545225175487
00656-11	0.450927967668932	0.3397371564475302	0.207106014855166
00606-05	0.4882377672966044	0.29291752708497937	0.15605804702673498
00502-23	0.6653013581396273	0.3024646585419763	0.23685001832089855
00553-22	0.5424163919846211	0.33562898723379947	0.22853961668839576
00452-24	0.5763179437320944	0.21710512477253954	0.18753829223796262
00758-01	0.46945261751670453	0.47773010939899396	0.19677368460483544
00554-00	0.555048111580743	0.312320100053499	0.20633401766388365
00706-11	0.7516928661248089	0.5912005851571925	0.2919908851470909
00759-18	0.5753519154457789	0.6328113234540517	0.22867324563020447
00810-24	0.5536816173768969	0.6855450458258059	0.20264100399420498
00554-07	0.5372577203804804	0.280308198331372	0.20186816675861624
00451-22	0.6886362290605694	0.259084091849118	0.24013753030963744
00451-20	0.8445434843826304	0.29567188663936966	0.25428034420126244
00706-13	0.7431825609210924	0.6059485117762539	0.2955853593070975
00502-15	0.831072172846949	0.34414310656705416	0.28155704931592473
00707-05	0.5014332261938268	0.40629739352128175	0.1985680799592675
00708-10	0.6246504948001298	0.5115776171239643	0.22815893211325938
00554-19	0.5173340349493692	0.31928091383949003	0.20135617625297816
00504-01	0.5670105683777178	0.25987240965038566	0.15636574534268233
00656-08	0.45858134607733436	0.33323072319344565	0.1978963068483361
00504-12	0.5580676326502	0.2508235859179028	0.18230920176426582
00759-13	0.5872482409408322	0.6007438311444772	0.24559711473905682
00452-22	0.5688372607780934	0.22444509822081646	0.1912057794489803
00706-19	0.4759584862518656	0.4390212464889579	0.2523502674586928
00553-10	0.8187717175055599	0.3757997453558057	0.2780437153197445
00708-14	0.610102210163348	0.5385614996408279	0.23499077455580308
00453-23	0.5873780113703071	0.2251655763911468	0.1579015273682545
00810-00	0.5822479465337291	0.6975931400732533	0.2279062122642526
00453-07	0.5966791860297864	0.19651458708751524	0.1691468401873921
00759-14	0.5836479750262331	0.6088719615567146	0.24495317894773005
00503-09	0.5553479139233468	0.23632625812014377	0.21077212179736743
00809-19	0.6540973187063254	0.7948153157770804	0.31071893874323736
00759-02	0.5980680962961041	0.600496953857707	0.20060098030206552
00502-07	0.8426246234855145	0.30424667562284896	0.2606975623057143
00553-07	0.8179381962191743	0.3662762924942465	0.2614671180157431
00502-04	0.676212415001687	0.27612180592475283	0.23969353131473586
00604-01	0.6232476050013853	0.398366691434068	0.23435126126686887
00502-09	0.8438005526322157	0.30825168802276626	0.27216008109768397
00655-23	0.5438085326420086	0.4322881552604433	0.23613329642771808
00604-23	0.6172891383125269	0.4095980967541386	0.236711843480689
00606-06	0.48678688166065937	0.28985465400673815	0.15863800546357998
00605-24	0.47256567463308846	0.31092648042827403	0.17966346411966494
00451-14	1.1985939122300036	0.37948579902412394	0.28955667254564926
00809-11	0.6788563567595257	0.7388199288198948	0.3362632999749003
00656-09	0.4559845202880116	0.33387318764133345	0.20131074655434933
00706-03	0.4951610706153102	0.40846744478399377	0.2358697847038941
00553-19	0.7941278081050559	0.420685913544954	0.26218894864867337
00606-14	0.47301739117249436	0.3114453143876848	0.17505795048345582
00452-02	0.5815552357825297	0.20796234327797333	0.18775903939774435
00707-04	0.49914881494997726	0.40948569581867944	0.19507230938754586
00605-13	0.46902877416748273	0.3026283693306061	0.20954906229652231
00555-22	0.49130091692963046	0.2775783230129191	0.15262253093534128
00657-05	0.4687672835793495	0.3429479515769575	0.15687412679947296
00808-18	0.48888247060866286	0.5889351633010904	0.2743533641075811
00708-06	0.6333410439962497	0.5078549349663388	0.20619614239761835
00451-08	0.907732886023996	0.2707226476947919	0.2663479745906178
00809-24	0.674010895090049	0.7746329719860792	0.2808706100996915
00504-15	0.5501745094553309	0.2655402766073334	0.18057028431866934
00655-18	0.7330066594472339	0.5563899782060273	0.2709979678391861
00758-17	0.454335325567422	0.4923561127056014	0.2217085317299227
00504-19	0.5514843682926089	0.27774950783429275	0.16876965016030265
00453-02	0.5980483536848125	0.21153552190761607	0.1568801813107082
00555-21	0.4904004096620701	0.2807574804137179	0.155232283489159
00708-24	0.6180187754249966	0.5449230670476453	0.19193959455055834
00657-18	0.44375002800740915	0.37346209670077657	0.1661447922274966
00706-05	0.4991544294522185	0.40065130316853254	0.24252846110337953
00758-12	0.4660749947376675	0.4659615564112113	0.2293489333389882
00504-00	0.591071899934574	0.26989909837635295	0.17282989161582266
00708-18	0.6029537175545301	0.5613535527284819	0.21908573034722786
00656-17	0.43703644303291245	0.36493632771188256	0.20152535815501296
00554-21	0.520585752508147	0.31779961397747836	0.19341266988917352
00553-08	0.8175014681423601	0.3670448751897732	0.2668323702105745
00656-00	0.47216564038811937	0.367247096215346	0.198886222355145
00502-20	0.8198461364889978	0.35404093366096684	0.2555461131131848
00554-02	0.5332976081905308	0.29618177889354796	0.18648781891499142
00758-04	0.475995151618113	0.4606817464652506	0.20096219754468933
00453-04	0.5989621313251317	0.2025453273120918	0.15972031163929437
00554-23	0.5259891367301934	0.3114116761544463	0.18799700433479605
00453-20	0.5784588886952795	0.23295370215236752	0.16550145137181152
00655-11	0.7903312056743017	0.5254182601692239	0.2899732233526327
00504-21	0.5553622667063611	0.27600077963617015	0.1623138458224627
00707-13	0.48435257547105465	0.41955139430304617	0.22322874933887593
00758-16	0.4556227766709434	0.4881465420817484	0.22525760643263248
00604-18	0.7697301000984244	0.48613538413059715	0.27011728961627623
00606-17	0.46950849252693583	0.32423757420003624	0.16890499430230865
00758-07	0.4753016437413609	0.45048711948263476	0.21205219175731232
00453-11	0.5865409391928261	0.20421600643590812	0.1816330654719398
00555-24	0.4964659690868219	0.2696751070918649	0.14972541522345637
00503-08	0.5583927162432064	0.2351181509675817	0.20705893284136875
00657-09	0.46441873943271433	0.3399200647502616	0.16929203001647988
00555-17	0.4869415858828539	0.2790691054875451	0.16783140696500692
00555-07	0.5010948171768572	0.2441179600991536	0.16045710787130327
00757-11	0.7098980936979763	0.6588975046566448	0.2928870930680702
00657-23	0.45229307078210546	0.367461581563488	0.1527705033168258
00555-10	0.4960349213315197	0.24812138088708416	0.16987185367670515
00606-02	0.48469244660748556	0.305538089895069	0.15101376407871658
00809-08	0.690171193857761	0.7249227578972278	0.31719090153046425
00502-11	0.8431253678299099	0.3185424667795158	0.2813000930420505
00706-00	0.511547510561156	0.43568177430411215	0.2572920970886043
00656-06	0.46101012063827973	0.33498956710478067	0.1902684737514018
00707-03	0.49677325535866745	0.4139963695408934	0.19248093750341633
00657-01	0.4593511440653158	0.359236398255793	0.1512698709892584
00452-00	0.6010784538368309	0.22060200556662923	0.20744408734966652
00555-16	0.4873574495216896	0.2757872459517378	0.17055766626915325
00655-19	0.5352310889750336	0.44132216245012434	0.2527631491485401
00759-00	0.6205159797511292	0.628225240366316	0.22632185878958905
00707-22	0.48257530134049265	0.43965459833374027	0.19520494685306408
00555-19	0.48868162192961867	0.2830323592810533	0.16156411859899836
00604-06	0.6314621464410782	0.374618938095831	0.24764001234303828
00808-11	0.6683600417992853	0.7245310567405395	0.2941924213912487
00657-14	0.44864453188674425	0.35804865706623545	0.17527430354431783
00504-17	0.548030587210133	0.27316398911646633	0.17540369444601217
00554-22	0.5236804623292415	0.3154261878982266	0.19051899293448218
00706-09	0.7568648396292945	0.5797569040762345	0.28317938752332716
00451-09	0.9084501180626281	0.2732354824900723	0.2717689011755719
00810-09	0.5649225941551959	0.6442811244476458	0.23451387726121997
00555-06	0.5015790863062386	0.24496614122554755	0.1572497316501932
00606-16	0.48019501985431684	0.3289504942779053	0.1831828989336049
00808-02	0.5078760859939672	0.560872407282583	0.24865084502965884
00554-05	0.5382566273611801	0.28372560906666666	0.19400572388569512
00453-06	0.5993158146892451	0.1974355667650985	0.16571936787190378
00706-04	0.4973897379027359	0.4040673865373228	0.23867103539850634
00655-17	0.7356606270888421	0.5543424532971652	0.2765457295129208
00606-13	0.47302398363897685	0.30538842708806785	0.17502823552521027
00758-19	0.4535441839228231	0.4962322401679162	0.2131610335279328
00502-21	0.6616290996348173	0.3106597451598312	0.2438863324017324
00758-24	0.4655778485078983	0.48280852548710634	0.1972450006432123
00555-04	0.5020010518143904	0.2506543305099511	0.15209294185762756
00504-14	0.5529899971225534	0.26092682097602843	0.18211388854418584
00706-15	0.734474045830948	0.6199445380472721	0.2925503638279057
00606-15	0.4713157770601071	0.3164306764210421	0.17384186793473233
00809-05	0.6937561115714945	0.7334883133194866	0.2936867034742026
00504-22	0.5591419246750633	0.27385844078363486	0.15983348581051873
00504-05	0.5751317833912972	0.24270164643793152	0.16248869500284213
00759-21	0.5789193632866598	0.6322240706235748	0.21106589045966093
00452-04	0.5834786585708734	0.19948930491654943	0.19181903466028083
00554-03	0.5364176339958048	0.291962818296827	0.1883745689259173
00757-09	0.7146526220996406	0.6461392532320795	0.28363938493265123
00452-20	0.5657725519326877	0.22933747183869888	0.1985061025434816
00655-08	0.7949436438561691	0.5102230285385349	0.2755090186725657
00503-12	0.5483336051334768	0.24725542023179	0.21844136245842125
00503-11	0.5516860276597384	0.2431200313619083	0.21709566984505285
00810-03	0.5651642975730704	0.6618069284896865	0.20408303263477545
00553-03	0.5544386924556312	0.31151184673209337	0.22624096369779867
00655-02	0.5531478571174872	0.4157159945645742	0.23433957827595928
00809-09	0.687373622783405	0.7276605072076896	0.3246176917610265
00555-15	0.4877985041670424	0.2714136099193323	0.1727470579189858
00708-09	0.6272001752382609	0.5074704106176102	0.22326397644643248
00656-12	0.44865490782803397	0.3441961097641774	0.2088564514468283
00502-19	0.820927152701231	0.35559145804248865	0.26179946231888546
00810-10	0.695269187148216	0.7432932752434919	0.2636953467034396
00759-04	0.6048716270994965	0.586865153185557	0.20587209254334676
00707-16	0.478561014330294	0.43614102893865603	0.21898044022768506
00656-16	0.43849498164648915	0.3618570948914712	0.20490341603931134
00707-00	0.5138178936762942	0.44119018240764424	0.2112480937518953
00451-03	0.6991635512711374	0.2341813388407275	0.2370693860031408
00605-20	0.46403515147836766	0.32296790318336255	0.19001242334847449
00554-11	0.5269894102521537	0.28732694932782443	0.21550542836262246
00605-07	0.47862998512969435	0.28475097078915773	0.19343575726377701
00451-01	0.6968832121685902	0.2450175023312176	0.23493911901497902
00605-04	0.47865526793717394	0.2914228111559858	0.1830562184627504
00657-10	0.4625713098023438	0.34259426233896517	0.17216501122487515
00604-13	0.7874373078186263	0.4621114939159875	0.2878530661740519
00809-18	0.6538374820191197	0.7928178943518649	0.3186663291543131
00555-12	0.4924644540023403	0.2565116586179203	0.1736901322840225
00707-14	0.481999795024006	0.42534806377014384	0.22286342429010805
00707-18	0.4759234886808104	0.4420909649547695	0.2110944384287622
00757-05	0.5454983965325518	0.4876302245140911	0.2558332818379776
00604-16	0.7760814635787121	0.48078459078653635	0.28077232703415705
00606-19	0.47176246776563163	0.3289432062353093	0.16286212721323712
00453-14	0.5777760279468929	0.21776023071560718	0.18266360027658554
00503-18	0.5387558481124889	0.2712864842428357	0.20601500080921098
00451-16	0.8952769731449057	0.3110809712807876	0.2772628440704467
00504-16	0.5492441279963665	0.26985519836490424	0.17836713780706456
00452-12	0.5704556526002919	0.20580771473351944	0.21925326608630472
00605-01	0.47437969562408056	0.3056244060913976	0.1790563306140077
00503-19	0.5407471631174559	0.2729785404183313	0.2020668808835588
00757-10	0.7124172260571182	0.651458204609063	0.2886832624553798
00657-15	0.446216103596666	0.3628211886808766	0.17401703117012865
00553-15	0.8053565499627253	0.4093826194440243	0.2826837844496501
00759-06	0.6067858954762256	0.5774512720838259	0.21531579671169188
00606-01	0.4840550939676956	0.31142286443910294	0.15082824026207903
00808-19	0.4889120222979016	0.5901039413157639	0.26908128565406686
00707-07	0.50089107425623	0.4022479951012464	0.206447097365204
00810-23	0.5490075946305536	0.6921128151370807	0.2046516859697679
00808-21	0.49122751980322965	0.5874258172908462	0.2582090220536553
00808-00	0.5267445943292364	0.5863107891972328	0.27353793117235875
00656-21	0.4409014017643648	0.3681899182687945	0.18671481051114847
00502-16	0.8282563486420437	0.349387061529893	0.2779300336276077
00809-00	0.7075786354455369	0.7884850426428286	0.31522847499887374
00451-21	0.6856527136636644	0.26196334056083614	0.24380560354205277
00808-16	0.6447476649102876	0.757642365941995	0.29095844804856014
00503-13	0.5460228827770179	0.2521909348400298	0.21889138061944566
00452-07	0.5817292688880472	0.1937503583323588	0.20345342526604152
00502-13	0.8394404251914148	0.33215541789157893	0.2851941461434573
00503-01	0.5556356683594834	0.2554995483925447	0.18678743423861685
00657-16	0.44417332484079364	0.36668628110024626	0.17170117798540277
00655-13	0.7520837999384675	0.5321451115777563	0.2885568245974519
00555-23	0.4932312831703348	0.2736259722357522	0.15070090241234377
00605-15	0.46545375599550143	0.3124540495298654	0.20771659140002952
00809-03	0.6872142187274133	0.7472389279923697	0.28327449908833685
00453-12	0.5833545276192965	0.20838460939915995	0.18295619043252664
00655-24	0.547355817290333	0.42729912814741294	0.2344582653304048
00810-01	0.5580648744364083	0.6775480291233587	0.20154846711627136
00555-00	0.5218954287212605	0.27537488798910514	0.1649068291332234
00706-23	0.4838327935702652	0.4299119196771311	0.23611198211637904
00504-10	0.5645725361472861	0.24307508896665259	0.17874821607582522
00606-24	0.4815829980020961	0.3165152030086709	0.15125436292884314
00452-21	0.5683326631008104	0.22781077575441616	0.1948442723483481
00759-17	0.5751359552166702	0.6281373211307721	0.23380714410610523
00453-22	0.5838928385987645	0.22871013457516023	0.15972344957014098
00503-16	0.5399658704826026	0.2658649415317323	0.21364837738932663
00605-22	0.46855010975716677	0.3193313302763227	0.18356063104787526
00503-22	0.5463748279785322	0.26827069134123205	0.19097691014332258
00758-22	0.45929805875388857	0.4919985885022603	0.2015858254074951
00553-23	0.544996952097978	0.33149990568884374	0.22578511398969456
00604-09	0.7935661250582493	0.43523020899269843	0.2750674794721931
00453-15	0.5757310965333575	0.22221302716681368	0.18113227172478683
00655-07	0.6067075636689915	0.4329142903813199	0.2528874034675552
00809-02	0.6832958869552991	0.7559992304073312	0.28062624020071775
00757-22	0.5265327430451752	0.5275501625674156	0.25257167626476834
00656-22	0.4427458007459497	0.36528273538721967	0.1834792344690721
00810-15	0.5393686544595665	0.6809762667273348	0.24361132086677348
00604-04	0.629503110268211	0.3813853188951922	0.23969489965151866
00808-04	0.5132634122384127	0.5488297576061821	0.25328277697195306
00759-15	0.5801459931270045	0.6165836572116441	0.24275968273123016
00809-07	0.6922053276211008	0.7257113099394501	0.30916575855686385
00553-05	0.5572031637340896	0.30392474259594976	0.2326689546126102
00759-05	0.607085168729389	0.5818829017856194	0.21026950131469022
00757-12	0.7059673955466473	0.6663342545355917	0.29569196896385047
00757-02	0.5386333961831964	0.5031096030802786	0.2468057706463358
00757-15	0.6912829491557049	0.6864382985861898	0.2934332336006282
00759-07	0.6061540335288229	0.5754939832647112	0.22118350837383152
00655-03	0.5556558769020853	0.4099910629024681	0.23628779471239103
00606-12	0.47605548516070056	0.30106009468454636	0.17472335765236222
00656-02	0.4544095501022494	0.3486768250921145	0.1797241400698862
00656-07	0.460228429000162	0.3334675374452786	0.19403797293502745
00553-02	0.5524163960198453	0.31647447154985286	0.22432562926431682
00757-21	0.5233413231505355	0.5306806179140818	0.2568086667022358
00553-12	0.815136984915243	0.3887221386862693	0.28470841365605876
00452-09	0.5784887414689143	0.19578339886691903	0.21178201800655483
00758-09	0.4736458677946519	0.45308133055960675	0.22071894691285476
00758-20	0.45471691238986506	0.496354205073927	0.20874334455488888
00451-00	0.7259687635301484	0.2547710471401818	0.2590371407551099
00503-21	0.5446653642155916	0.2712312607322315	0.19417810646861375
00451-06	0.9033618077316631	0.269957654366411	0.2551692292759402
00502-03	0.6756866985362133	0.28100126718242285	0.23707242372155662
00553-20	0.5390493162505253	0.3401275954020788	0.23610981818799465
00604-15	0.7794385938380449	0.4753918954300071	0.284588335776973
00657-07	0.4678214815868266	0.3389633931031866	0.1628813812551365
00759-09	0.6016518700035197	0.5771086136338118	0.23279710694152558
00605-00	0.49582310821748926	0.31661139772879954	0.19828562296190516
00606-21	0.47423978650012155	0.3270993864674434	0.15657698976132212
00657-03	0.4652749797622978	0.34995958624363077	0.1527945729840855
00605-08	0.4776785873088755	0.2850194261766879	0.19749767547747718
00706-10	0.7542391640465133	0.5847211368429224	0.28793751772872594
00757-01	0.5359966556260093	0.5099940776401438	0.24644559707842353
00655-15	0.7430557427001226	0.5451471705277479	0.2853680105181353
00555-05	0.5028979058025153	0.24754096298537323	0.15443778506404812
00758-00	0.4881572717857932	0.49234505913144183	0.21731809398090593
00554-01	0.531687382497765	0.3017455499873106	0.18610450559172473
00553-13	0.8126392066474072	0.3960250264233337	0.28589159842227146
00606-03	0.48580824578513676	0.300455922558475	0.15186480700057983
00808-24	0.5015165625322948	0.5743722165748525	0.24902921781544207
00810-08	0.5673242653490295	0.6423015185835476	0.22885495440807802
00452-03	0.582609467818923	0.20329330741307056	0.18940177176027717
00452-08	0.5805407371972794	0.19423586657825223	0.20771531974407667
00606-08	0.4844270296054317	0.2888074087439122	0.1651527941732391
00555-14	0.4890642046586213	0.2665030703820633	0.17398044163766324
00810-18	0.5365580403161444	0.7001409428485731	0.22989932089863366
00451-12	1.2053847772986355	0.3611659666463935	0.28920774188717124
00503-15	0.5413252977881922	0.26164363190813705	0.21652250828847347
00759-12	0.5907484617335895	0.5932118262153903	0.2444827354943333
00453-10	0.5903282465991586	0.2008204691981455	0.17947158828710533
00451-02	0.6989291660421685	0.23984978097512355	0.23542187471878817
00808-13	0.6588854492994312	0.7393405406409254	0.2979892526516464
00656-13	0.4460006319632067	0.349069142786372	0.20958544887521585
00453-03	0.5981332505328115	0.20650491450256672	0.15789276581337416
00809-17	0.655893110054015	0.7890491348953452	0.3266135882947135
00808-22	0.49383195376102523	0.5839855623371647	0.2540067382457416
00656-01	0.4521325499953571	0.35372586150651086	0.1794840962247574
00706-21	0.4778544541593547	0.4364951483869557	0.2426861254433992
00657-11	0.4581149207775562	0.3447829527706693	0.17392041724818624
00605-21	0.46666976367787916	0.3221189499841134	0.18666969860625
00708-11	0.6214728185659832	0.5172665383256763	0.23201260435789675
00808-07	0.5151250703990605	0.5396240036680636	0.2671440175911481
00553-00	0.5766848375912457	0.3336667509276827	0.24686756834315554
00451-11	1.2075679075342698	0.35302570159837793	0.2864542212285163
00707-21	0.47969303842369065	0.44213409584744084	0.19844335915265202
00452-05	0.5853465805312285	0.1970566363466426	0.19540295888860626
00554-17	0.5171202621893247	0.3158663822101174	0.2094254886775982
00502-24	0.6674223177372766	0.2970357357477216	0.23481857352707994
00452-14	0.5663364676747992	0.21508758091609878	0.2190854920959381
00555-03	0.5020136908548297	0.25527079780709383	0.15053610268376996
00810-06	0.5702450584905681	0.6451806803442603	0.21689166931990012
00452-11	0.5723742998826746	0.2014993175349301	0.2174989969246835
00809-16	0.6564263535275852	0.7813357744497721	0.33216678104503644
00503-04	0.5611865182949622	0.2416593123029028	0.19154563011518913
00504-20	0.553717442925203	0.27790448538763557	0.16553180642978524
00554-15	0.5187911336591655	0.307696807312257	0.21551215678285354
00605-12	0.47089901122313116	0.29765281974340035	0.2089993905936843
00605-14	0.4671741484306371	0.3077071562748187	0.20908204438429154
00502-05	0.6803529942536531	0.27339947327042846	0.24445159066870004
00706-22	0.48053072140620673	0.4338389368994404	0.2387846968790501
00808-12	0.664269527290728	0.7317363763432139	0.2967375694763472
00554-10	0.5298825080381436	0.28366064912331357	0.21312416584312843
00606-11	0.47921989906818363	0.2969953057593265	0.17350888722580454
00504-23	0.5622429593239222	0.2699937605451292	0.15810265448835695
00554-08	0.5346447723633958	0.2796966684226807	0.2058467873193708
00708-23	0.6137430645736843	0.5512358977948562	0.1941492680487521
00504-24	0.5645014848845186	0.2652322733468717	0.1568973399033376
00809-04	0.6911193208721803	0.7396197567322006	0.2881673364561774
00655-20	0.5364038052174698	0.44130219796300485	0.24750352140593368
00757-19	0.5203713570800034	0.5327011974167829	0.2670804314183976
00759-24	0.5904679279203685	0.6161082131744152	0.2009134006491261
00809-01	0.6792260849055509	0.7656312053921517	0.27997260291832854
00707-24	0.4891138027495516	0.43103711310527604	0.1910198661109527
00657-22	0.4498875636832359	0.37136240182668095	0.15452321313255965
00451-13	1.2029079859410832	0.36971886399970283	0.2904017681820211
00810-19	0.536550803376404	0.701466456370445	0.22390164557484973
00606-20	0.47308427736217884	0.32895418279634814	0.15961378936565535
00451-04	0.7101332446038399	0.24240168060243628	0.24379467165120347
00757-17	0.6350006660813858	0.6164020107919764	0.32996665836410394
00759-16	0.5772759692094587	0.622899885365139	0.23892447782469328
00657-21	0.44700233033675885	0.3733803551141293	0.15674042240289168
00706-18	0.5051902229581053	0.45830519729060726	0.2575626036114013
00504-06	0.5729599082952042	0.23971875022824202	0.16541362041535376
00451-05	0.7118710986777587	0.2395599549583631	0.24768751002591313
00555-01	0.4985805117178622	0.26465611110020504	0.14915648426755534
00554-04	0.5374503432419894	0.28732280604826166	0.19072960682476703
00452-17	0.5608781732855712	0.22565122241756636	0.21068280526257588
00808-15	0.6486244477842357	0.7520566849434672	0.2948153499544603
00605-05	0.4786766900945359	0.2877294197053844	0.18576328464462197
00808-23	0.49732584327022	0.5797791203064729	0.25102746992095043
00810-04	0.5676217536104055	0.6545059586150833	0.20722920980479886
00451-10	0.9081116120518861	0.27684212815099923	0.2766068132995784
00606-18	0.4707120785721946	0.327511668645706	0.16620413915274093
00706-06	0.4985856359834668	0.3974121415760288	0.24651392150803922
00809-20	0.6558005838658575	0.7948950255332242	0.30236040765849065
00553-06	0.6560520388419704	0.32289218548924753	0.24802101521885206
00759-20	0.5767068993771503	0.6344620928637045	0.21671456078215512
00453-21	0.5812776953074333	0.23157606509723921	0.1623673298608996
00453-18	0.5755976694652367	0.2322784820868883	0.172741932091333
00808-05	0.5148499148240243	0.5445170452152478	0.25731065798758324
00655-01	0.5498659657029826	0.42121021954894866	0.2335584225531819
00657-19	0.4445153947519399	0.3749990109351163	0.16301150677171797
00504-11	0.5613079678893963	0.2466286402328811	0.18098577373661887
00708-05	0.6329048673705323	0.511545155118846	0.2009981077119059
00453-16	0.5754583915519116	0.22658136671877172	0.17895242484556806
00707-06	0.5008588320434025	0.40328352404315443	0.20209461651713354
00554-18	0.5175641047019194	0.31849261783677785	0.20569876970794532
00810-02	0.5623555514627977	0.6700978383358904	0.20218198226876793
00606-07	0.4863513307919842	0.28896206557862064	0.16195624878507522
00554-20	0.518849104924093	0.31927430339171137	0.19721484807790213
00657-08	0.46676549662758104	0.3389315191584608	0.16613652806050092
00451-19	0.8461783147323859	0.2973097346182522	0.2601646208285332
00759-08	0.6039569736268939	0.5750580350556272	0.22723307686732375
00707-17	0.47649469970411995	0.43916294545875373	0.21513934283755606
00708-22	0.6108420940875088	0.5574453321434847	0.19757997213562895
00604-07	0.7920080292372566	0.42970668403749607	0.26315990059191624
00451-24	0.6939111997382988	0.25038398702774306	0.23546389134930662
00604-14	0.783600377026637	0.4693143623184916	0.2870437152876501
00606-22	0.47639904743069594	0.3244295150245126	0.15413774892474494
00656-18	0.43643319041606987	0.367247108665661	0.19778166876325337
00758-23	0.46206044326576057	0.48744610053782106	0.19881701328606965
00553-24	0.5469461887793239	0.32644088968511814	0.22403036704247453
00810-21	0.5403771187191407	0.6996816657935674	0.2121601613743447
00757-04	0.5437918840394275	0.491998125869811	0.25198037586809935
00553-11	0.818271164319434	0.3822689549178233	0.2821436665657758
00706-17	0.7252409611571908	0.6279097722465536	0.2835400378471821
00656-20	0.438181409002632	0.3687478067835055	0.1900214682424956
00604-11	0.7922089064338125	0.44743593917217084	0.2841573375458295
00504-08	0.5693174707105862	0.23862810596364772	0.17228370052070927
00758-18	0.45318226424630786	0.49463168933548846	0.2175773789281599
00453-17	0.5749186714721805	0.22979510333218128	0.17610271321583884
00758-08	0.4750412563578311	0.45135372965227494	0.21659907276395535
00657-06	0.4679506593994761	0.33979147367931806	0.15954864582140676
00504-04	0.5733639878481939	0.24560738251119943	0.15981003001206354
00758-06	0.4765093043332497	0.4529070209654847	0.20792281861735004
00708-16	0.6038244646660738	0.5515242046117281	0.22897607502429435
00810-07	0.5701233858760579	0.6434949199165639	0.22323687347755247
00708-01	0.6225455474912042	0.5377633954648928	0.19121830935653084
00503-05	0.5618853639134767	0.2382952260735215	0.19478359939356207
00502-12	0.8424164583570869	0.32540113472001414	0.28417484268859255
00809-15	0.659737755877787	0.773286983863839	0.3370351968199671
00758-05	0.477184176430705	0.4565412540462124	0.20426041800329756
00757-23	0.5285228877784467	0.5216129334055332	0.24897154637865335
00553-14	0.8098041082270276	0.40336642313785986	0.2851135519943916
00758-14	0.4602556107156005	0.47776397377686863	0.22962973643672335
00757-08	0.6073056708371735	0.5232496905888177	0.27363299281162873
00605-18	0.46367923081212986	0.32269677522997886	0.19843584508771653
00758-21	0.456280331664621	0.49459464806138953	0.20489188107192183
00655-09	0.7943618049374773	0.5134835682269642	0.2810706723788163
00655-04	0.6023028941591119	0.4394605395785197	0.23937068611831896
00808-14	0.6544495373078533	0.7469946019876175	0.2971247010879948
00554-24	0.5296683500424088	0.3072260404950814	0.18674025987928555
00503-07	0.5610357661911123	0.23528426942422723	0.20321386570565447
00655-16	0.7392771034181292	0.5508458096172865	0.281715333547992
00606-09	0.48336214240286063	0.29055522321147353	0.16839112305345164
00604-20	0.612855165451114	0.42070250314147656	0.24833239702741197
00707-23	0.4857206844364462	0.43590625380194503	0.19275167068241655
00452-23	0.5731260003412761	0.22134697178516402	0.18910446892915064
00707-15	0.47936282420250875	0.4304688441911296	0.22139127765513653
00606-23	0.47931761180867877	0.32106973452864257	0.15243972040162118
00655-21	0.5377556892359776	0.4394171145492678	0.24310722515363484
00708-08	0.6304907627025214	0.5057507728724955	0.21788166194762257
00757-24	0.5323604511935549	0.516147001122375	0.24701398688783868
00759-03	0.6016926595944613	0.5931645300697337	0.2026342795230366
00757-13	0.7014170350886917	0.6737163385858597	0.29646866844483394
00605-10	0.47451581846117047	0.2893006496073668	0.20455194633416693
00706-01	0.489872767636636	0.4197113644086025	0.23344233009330187
00656-19	0.43693819680196994	0.36867907011008344	0.19386116411638335
00708-20	0.6044364564140111	0.5626054719068921	0.20701650819694367
00808-03	0.5113591359386525	0.554965881345292	0.25066159154529927
00453-00	0.6161780946531105	0.22435361299904352	0.17262034114369817
00604-03	0.6276775186428949	0.3864173547338046	0.2368462345409633
00553-18	0.7960447446243206	0.4204242972816583	0.2683668919558071
00606-00	0.5027512867212568	0.3209609490283123	0.16577330411721702
00706-07	0.49899188409686335	0.3967297348177093	0.25145075976667935
00759-11	0.5944372898989221	0.5863371798167779	0.24190986439032583
00452-16	0.5632233574471293	0.22317978194767668	0.2146719743762481
00656-24	0.44933618156707644	0.3585288823735594	0.18009212825945706
00757-07	0.5454657435131085	0.4835547182220955	0.2658862672205255
00503-14	0.5432864404838196	0.25687400017739465	0.21816401997844384
00502-18	0.8222020173326572	0.3549420937319095	0.2674871733250786
00759-01	0.5956311623693039	0.6093951460045726	0.20012315007480008
00605-09	0.47600526983747216	0.28637510855236264	0.20116752099931712
00605-17	0.46307623747685406	0.319697819996953	0.2018169314368028
00451-17	0.8494147260262749	0.29409893353228667	0.27132381818307416
00655-14	0.7478854262459596	0.5396779022896502	0.28786955268488457
00758-11	0.468607916830697	0.46068598415705336	0.22750623193846156
00656-14	0.44251734237991114	0.35299813373394423	0.2087400583302769
00555-09	0.49765193254233037	0.2455636114494246	0.1669462933843756
00656-05	0.4608724594167098	0.33761749515074113	0.18684730137745192
00809-12	0.6740346561032355	0.7465366783555556	0.339687720777115
00810-13	0.6800921509711154	0.7665380274385619	0.2721696631997297
00810-22	0.5447426942878522	0.6973271276792312	0.2079523906981765
00605-06	0.47890703823089725	0.2855587867339116	0.1893822767715141
00706-20	0.47636196782330364	0.43845238987896923	0.24723896769689618
00503-06	0.5607242159734604	0.2356428187873934	0.198564025594368
00453-13	0.5800524146976588	0.2128948501296793	0.1833059814404962
00604-19	0.6133203837889614	0.4217180395821818	0.25365373637687993
00604-24	0.6196776716106954	0.40401781527950403	0.23482600991174374
00708-15	0.606708692665079	0.5453920943444522	0.2327181571435544
00655-00	0.5725898321412486	0.43607360126177436	0.25790494255197055
00708-13	0.6136716262724817	0.5307872790546431	0.2355358999500036
00707-01	0.49212066465053966	0.4254011462318051	0.1904836485958467
00810-20	0.537476112948161	0.7015063795853469	0.21774817715586317
00503-03	0.5597763118534494	0.2455930108919851	0.18899609565290446
00452-15	0.5641649948001364	0.21933081058907014	0.21727902898740722
00707-19	0.4772668798219058	0.44443433126969945	0.20691267548189468
00453-08	0.5951326256688112	0.19671408201288892	0.17272655778600485
00606-10	0.4809846040825695	0.29293460128484294	0.17115424333750676
00604-00	0.6517410374354382	0.41274221629243757	0.25860547937109596
00604-08	0.7928975841802106	0.4313370522893224	0.269048976466823
00502-22	0.6629254845232241	0.30696516707072075	0.23969687583615984
00808-09	0.5751600117239015	0.5881674416439254	0.28143732277827677
00451-23	0.6914734806558182	0.25517248642762774	0.23727897274995657
00604-12	0.7903513521943283	0.4545446457285413	0.2867818458612456
00757-16	0.7325138827954177	0.7333359157994199	0.34039394281705077
00555-08	0.4989286679323217	0.24403127494450488	0.16380398001379554
00502-17	0.8257307756556085	0.35318149024632806	0.2731201690875456
00757-00	0.5590661707282273	0.5281626694971142	0.27221196035102596
00708-17	0.60251780754449	0.55690373463245	0.2244440697801181
00706-08	0.6376085738764696	0.4618506908143168	0.27150106761624193
00553-04	0.5569327135397424	0.30765773304888927	0.22918001037424612
00706-12	0.7473901298491982	0.5982023139025529	0.29440312991148726
00758-02	0.47171180189855827	0.471278918034771	0.19714259780889223
00452-01	0.5788783773130737	0.21247332839701077	0.18709567185640985
00555-20	0.4894247493103825	0.28269319473640936	0.1582346787206119
00604-21	0.6138254360816898	0.4182958764096292	0.24372016350007986
00808-20	0.48951003091991024	0.5895558164089806	0.26351727089724875
00657-12	0.4554449688769117	0.349444219965345	0.17551374731430144
00657-24	0.455376375615681	0.3632462051671818	0.15156486313017567
00553-01	0.5499616815911903	0.3216495035921559	0.22380052677045895
00553-16	0.8020236796180936	0.41464277477701506	0.2789213823947617
00656-04	0.4589275824339994	0.3401824205688875	0.18347726764435449
00656-23	0.44612416237545743	0.3624371537903993	0.18149235809858744
00758-15	0.4576291343392795	0.48318422223497903	0.22789224377792577
00502-08	0.8436247241255067	0.305420856433616	0.26663062127038095
00605-19	0.46354485566031217	0.32338276401428345	0.1940981670972989
00553-21	0.5404774773611997	0.33836197468751605	0.23203180296264223
00555-18	0.4870734493091616	0.28150154354714124	0.16481873907998576
00808-08	0.5761058817303136	0.5850948882494867	0.2759882521078879
00810-05	0.5690475842910828	0.6483894215898426	0.21159030855963787
00809-10	0.683713950279165	0.7327025863542229	0.3311660243753111
00809-21	0.6589087112476261	0.7926195238772779	0.2950781073635929
00452-19	0.5644935606454305	0.22967544177075838	0.20304948572579617
00808-17	0.5500277802971789	0.6344916502049095	0.2832024951973083
00758-10	0.4714556897106927	0.4563386818191595	0.22451411094739776
00809-23	0.6683544095287285	0.7825805103303001	0.2840968125147377
00809-13	0.6694416216559708	0.7556695882730408	0.34070868901895157
00504-02	0.5708161255068158	0.2551565034652173	0.15689616599126252
00655-12	0.7558795769036691	0.524727816580681	0.287515884091137
00605-16	0.4640101994883251	0.3166260900212236	0.20514389027883412
00757-03	0.5412961305672285	0.4973332367974057	0.2489070907020952
00605-03	0.47733043554902793	0.29559501921254167	0.1808367316744333
00452-13	0.5683180082063651	0.21048903770827992	0.21983638682107645
00453-05	0.5988086397973014	0.19934831923336604	0.16236147683798202
00502-01	0.6710050361246649	0.29176347466112323	0.23456175307210747
00502-02	0.6737256655105346	0.28617322645537996	0.23519292877378695
00810-16	0.5388026232210427	0.689801000314173	0.2402915512617671
00504-09	0.5680045062927952	0.24078516634078537	0.17598944347674234
00451-18	0.8473093965627515	0.2964600206342362	0.2657958790532088
00604-17	0.7722472924611367	0.4842247206524678	0.27596293924553206
00808-01	0.5044699634697867	0.5671866759172796	0.24795775944693402
00453-24	0.5916528306775055	0.2210537763583296	0.15677022895629406
00656-10	0.4514214614597709	0.3347554766204801	0.20378183363281505
00555-11	0.4937044997769508	0.2516772549970189	0.1720760883392864
00452-10	0.5759328751917335	0.19821607644610487	0.2152033401611469
00502-00	0.7006749122495028	0.3036856254840648	0.25898667404017456
00810-17	0.5367935355797462	0.6952900564643426	0.23525378691807214
00453-01	0.5952782254205917	0.2163960136069914	0.15646208337386974
00809-06	0.6927892134874989	0.7276868124122672	0.30120889756770197
00706-24	0.4869150491410209	0.42511682162061115	0.23414770629599707
00706-14	0.7382241938403209	0.6126682955445902	0.29470588587155117
00809-22	0.6640160865991501	0.7893362392116876	0.2888789415741839
00657-04	0.46682749496256504	0.3457321706681852	0.15445169205800008
00759-23	0.5858574479257903	0.6223778817976029	0.20306388147485924
00451-07	0.9052321358361873	0.2699077220207407	0.2606153047492822
00504-18	0.5502681348816885	0.27646039662880784	0.17217753795257687
00503-17	0.5391378003385207	0.2692316619098309	0.21017555519829004
00657-02	0.4626180180817679	0.35470287896861913	0.15173750182032836
00759-22	0.5818190522450926	0.6277799600302733	0.20645844482389408
00707-08	0.4978935170007556	0.4008766339504189	0.2105000742325291
00554-14	0.5217761369628631	0.30325453751030024	0.21750247552362428
00757-18	0.5812262848614662	0.5751354236543655	0.27538480190333825
00808-10	0.6712298683309404	0.7175746221272997	0.29008506174174253
00656-15	0.44043688034464235	0.35795192438947354	0.20723582794320702
00605-23	0.47103285997345734	0.31584154453398233	0.18129891878275553
00657-17	0.44260429529513956	0.36960084850868286	0.16887356136628898
00605-02	0.47597820278993946	0.300261837960194	0.17950477782991256
00553-17	0.799409349207579	0.4184771407824726	0.2740813359661686
00656-03	0.45703044401643955	0.34446309084523347	0.18130668013729137
00554-13	0.523783595807994	0.2977632772379632	0.2180168653649745
00706-16	0.7295149445634	0.6249711109931667	0.28849913417266576
00452-06	0.5837933046064773	0.19468630880656113	0.19931242349068531
00708-02	0.6249042325497904	0.5295252931506205	0.19178114922506506
00708-00	0.6473855520672065	0.5565556848921038	0.21694922484705847
00707-02	0.49459546202802246	0.41940581876878996	0.19097370533630598
00809-14	0.664139264091904	0.7647659595672038	0.33981774288836586
