1.4986030956828864
1.919277493124121
1.084114975093934
1.4583857776563645
0.16222014639206772
1.6288975676969366
2.5837813723339327
0.9910985170084348
1.067114738605866
1.9250983684167455
0.7700217367077818
2.38930166135045
0.7986875738278886
0.8637764344029137
1.03852506376075
0.9022651001870683
1.0337511930507515
0.3582314445972617
1.35972505757072
0.4288064723407754
0.7590189798730077
1.450156630850954
1.254194937823301
1.0621914409515232
1.4678425261733539
1.1526454421820465
1.0407526433489145
0.5516016571251459
1.113342590491286
0.289488034869455
0.1451509968037429
0.9552388634901333
0.730973546399373
1.6301614856303182
0.9746982390130573
1.0006795649891518
0.9723514637125367
2.7515061932197447
0.505236028060408
0.8185091879683297
0.13861813365210623
1.6173223970827026
0.7164808157780592
0.39709906453789967
0.7715901973621677
1.2896013161441253
0.6859776237062412
0.609891693834341
0.6065995741459931
0.8554259514248641
0.9653887207437779
0.4809768183168014
1.0126637388308173
0.6070430031138297
0.476686159895673
1.0483556096183038
0.5442569676438315
1.3634679402609227
0.6590959870664858
0.8319948692951151
1.134284484501328
1.0033221398395624
0.1809025707647309
0.8410961453586936
0.7951130697677424
0.8196536479610675
1.1785201209793639
0.7195631554212596
0.8939838107716204
1.1547209371803282
1.5167544527996797
0.5068360223100838
1.6364975605792147
0.5109971966108983
0.7097016533946846
0.9000759566796608
0.45574945731272304
0.7145282035308831
0.7249754364442668
1.403127116749383
1.1936530284308433
1.1881379475998302
0.8807345098931612
0.5361739453064268
0.8252436378335694
0.9497458180211159
0.5939060381235968
0.3901430665514206
1.008617596496625
2.0548513839695333
1.006601371024261
0.29670505670499403
0.7133104655381332
0.5377608493625723
0.7130237063526648
0.7555098795269188
0.9669953794443874
1.1393354696098705
0.8252386981488719
0.6424752482211996
0.7146156962573162
1.6110804908540655
0.9021551567739527
0.360085112393417
2.6655987151474605
1.2743814260562687
0.7608835869639261
0.5354029257509743
1.588515920785579
0.5701234031706162
0.3350815450972991
0.9345123325126482
1.0247712578913564
0.21988072964305294
0.7105599219309108
1.3344514031297192
1.3602254268484306
0.5670883060133655
0.5181656335085609
0.5012690377394622
0.5298221986778117
1.103440864018514
0.6612474182414566
1.637022540857283
1.3837611913475196
0.6668446239741758
1.1902298275922705
0.8087171897490585
0.20955815113968215
0.7767521637394811
1.0203501951371032
1.1757487662512254
1.5942299702906368
0.6076368955118812
0.6777983108475616
1.0524808879014573
0.44054187292967706
1.0192570523156752
0.4851017798535556
1.9046288751739044
0.5220891088744785
0.9886431308061516
1.7086537940196749
1.616583637530356
1.240852537622056
1.357318029109279
0.9967733963499081
0.8362540643902227
0.7213144066910568
0.5135588423774845
1.1120601876816048
1.0578824318291313
0.5585777294514107
0.9590243137096661
0.7020594484348395
0.5165394073637072
0.8823399807072548
1.2052359057658508
1.5626842710523092
1.5212747727006615
1.3373490029034862
1.1662961262187197
1.2662609610290194
0.6498431320575778
1.020359101947187
0.9696635219296349
1.237209378674309
0.5580866384095368
1.183278026642524
0.8134569721897886
0.7210809201078193
0.47421727278114034
0.13128626698569384
0.45381062826542895
0.8757679238325166
0.7830493930090107
0.8988698030717307
0.6324909018461334
1.09145344926991
0.12794730726017856
1.7966782384895752
0.5059312936888443
1.1376543227643958
0.6282956938070076
0.7236207084154975
0.09160097156523188
0.305382295687298
0.3156520521324312
0.5912201639807522
0.4913381166134347
1.5431545031123115
0.7028352491550545
1.5801936667421357
1.3954323547029246
0.8426732899739798
1.4107786534915174
1.0717615885322607
1.1267601798881726
0.7919311440723251
0.5494295797513898
1.7367059440002424
0.893360538290471
0.7456772450307068
0.8758693620485749
0.40654649193110837
0.26037485123360443
0.30307841346597386
0.4273043614338787
0.975465207060143
0.9067744131104125
0.8482090819500362
0.8070524072699038
2.5457843774980233
0.4681318844345463
1.303493182832007
1.5082200610534804
0.6218722732800716
1.4348049421083666
0.7477682831362994
0.5392476165504958
0.24963923582637168
0.5930010407551698
0.8995659375471866
1.0201028548596636
0.909974010648708
0.8658520577908517
0.6447538900222387
2.0110001467089584
0.9066432798515669
0.848407060934328
1.3596423993123263
1.6933537169015775
0.8539549983037682
1.488220752082746
0.7674590647859628
0.9492469987302334
0.9141095110445016
0.23926688185096914
0.5224587621571666
0.7666163401663506
1.4189834206553409
0.5528462407553816
0.9417715922945455
0.9553883542089658
0.2797717939028376
1.0509394119791615
0.8865075352363255
1.3913396128091304
0.758187289199463
0.9049787203348492
0.5719197514112487
1.3949465358284727
1.0359729331451712
0.6688781233129858
0.5811262645032643
0.6233672971927581
0.9500731309693388
0.5939103776114795
0.9490950381685699
0.45352525466933646
0.9361972039218719
0.6830282075232978
0.8568608929653617
1.123403331664993
0.6320954169090103
0.7055915258147021
0.9041179995868669
0.630538497532782
0.9783657928275069
0.4465335039810161
0.8713294273933739
1.289469399722575
0.629528271658452
0.6349377287414748
0.5956157132542722
1.0470253513740702
1.8691660983099427
0.7779712219591951
1.1826595383466947
0.7335149823143989
0.3652284665462694
0.9312306954533839
0.33877412673121077
1.0209321406873946
0.1984798352330169
0.8052578377300887
1.0235448881113476
1.1282676416075423
0.8809720186637856
1.0572054012691308
1.2450199757835343
0.8607531227447559
0.8509751812173687
0.4333780001731804
1.1175998312484767
0.42370578245684637
0.5827743461110112
1.1154102398689711
0.627373491681311
1.7483347360370096
0.947699013390853
0.830088403282603
0.6449119941967485
0.7131667813970521
2.5757201132483276
1.4525141845701577
0.49422174551753656
0.32506263555971393
2.1223040843384386
0.5144442826749497
0.719193710433617
0.610956124649397
0.5881738844658617
0.4006881200323577
0.7574846084213142
1.275213219625935
0.7926757780545338
0.9081707497061665
0.9420836911733108
1.105907048562445
0.6704095534706465
1.568284005100872
1.107327697707346
0.7384430404303449
0.6769225682861999
1.9791715560039382
0.6981522504780312
1.102594206910093
0.6979079908758921
1.0987093659417848
0.4577564937909687
0.9368038928823289
0.649501299136611
1.0376194281069566
1.338862472158099
0.3615695749782709
0.8080855899571566
0.3564374858026835
1.5705600081897226
0.8735397029721961
1.1528560045310816
0.5956710300168023
0.5932770898885356
1.1627639130288907
0.9443582537514962
1.027551290731032
0.9187713308788111
0.7895946863098869
1.8299657041506645
0.2857153119715084
0.6573716843768919
1.1773838187762629
0.9435045359146791
0.707103998880317
1.656364799477086
0.9060244339428366
0.21727340826317604
0.5406350046179733
0.7820797033822685
0.7508020558682353
0.377531548102831
1.157713175058452
0.5040076122365277
0.5224125884372398
0.8606824938357802
1.3009924719305275
0.784053607926672
0.5375104353418931
0.9941366257316485
0.5664315767430742
0.5095432387687338
0.7863265121510015
0.810643957760254
1.1173154704992234
0.7162144581240303
0.3669635554663825
0.6249568189192569
0.5677510009748882
0.740793260693451
1.1432685055954388
0.5711729567334404
0.5988313641978745
0.6015146710481812
0.4855781851301699
1.4297873064689106
0.9063270958254653
0.9990737733709035
0.9348191914629831
1.192082449590739
0.5935146306542579
0.4340084309743201
0.4435438161299109
0.9072188455097014
1.4591662810694517
0.8144296806241093
0.620497640842574
1.0871698423909248
0.6744427377807902
0.4174734011841274
0.25197134796251636
0.8414781114811619
1.2354603836241569
0.24019097226207173
0.3249354517253974
1.3674568304540258
0.19703196113829788
0.33897874636595915
0.477296929673664
0.9569875678537824
1.2723132170280478
0.5722066891576225
0.6746285367625029
0.43887474288929934
0.6680126192009094
0.3149933845277759
0.7189414044329913
0.5012963445001057
1.0465749259168062
1.6811424519940863
0.6462244804279236
0.8072618579314114
0.4331689379606449
0.4656119340972585
0.11161365711707048
0.30538952904148864
0.6274267549504053
1.8523827330798848
1.0695932525151208
1.0690161050770777
0.7474078127806433
0.47711191789518803
0.9759643779557199
0.16376556283296953
1.0780529128814713
0.8239125613785645
0.9960999466309499
0.7312576692157746
1.0984762607347118
0.7482252174152464
0.5393795539635294
0.5591852617023114
1.1732164006813302
0.1790204597152413
0.8176427315574402
0.9257545500171441
1.5886694694907801
0.7880213505472806
0.22222650579653164
0.9583252266145973
0.8650778715536729
0.9037208650977895
1.7260106147199359
0.20455797434320383
0.8124474260909552
1.089817500998702
0.42846161545888123
0.5491906198890502
1.462695168987131
0.7304136020952229
1.315199395483375
0.9156488596170493
0.9674576280271576
1.3206413208728276
1.3321456332744013
0.46295458935236444
0.5576486016957249
0.4012896687345383
0.9658060927946454
0.4507433567493538
0.7211811177634292
0.5252465815952357
1.1306815957977328
0.5745519375231171
0.9331219771177905
0.7398524880432458
0.9037131716278871
0.3857150140743665
1.7017658890147551
0.8771220465960147
0.43969892476546646
0.5658154659555072
0.3974482110012333
1.0757496060481557
0.8784581890733739
0.9246228463222199
1.6885168551132472
0.3406510080808989
0.8969800220631161
0.8771843177239651
1.7731680798372582
0.3671545966572019
1.198679092780262
0.7232459559285034
0.2139184463694997
0.4458022878204294
0.6869675080031048
0.681974442924232
0.35135205153958227
0.6074739671086544
1.0049956518625633
0.9599591223756317
0.939210570600867
0.5436010947888943
0.8190109609419522
0.7552409451494979
0.3451004244792848
0.2822080305981023
1.0065065511727374
1.8111854349844387
0.3224775564568038
0.5855878429839336
0.19806503101556924
0.40102809053274296
1.6320229828589703
1.0903410482788152
0.9218819517046232
0.6270910812826247
1.1697197944067197
1.2044174210260623
0.7149079063306989
1.1577877872453441
0.6537197902821122
1.0571362645230808
0.9047166863175314
0.23380375609177198
1.3064585035005436
0.357070862051733
0.5923462217475411
0.7714799264435294
0.5376990669582852
0.8654001291419362
0.43176374751107444
1.6160834201728727
1.0253986691842873
0.8642797863946414
1.173780278957835
1.0411890786232951
0.8548025068567264
1.1344957695198206
0.8781119895215583
0.6476187526681597
1.2425357020842638
1.7815659715183851
1.2098897220644131
0.2631569986016922
0.8618623630706136
0.5935797041570308
0.950514198607078
0.22217666678556813
1.0121544391582016
0.4628411976590504
1.2551061831118355
0.7723061027976539
1.123707826069231
0.19778368243763048
0.7455444636376735
1.3851530052262797
0.7967113070618564
0.7077135976530267
0.6928066421772845
0.4299228176298061
1.143687760126255
0.7724958345436578
1.1931506040417252
1.6211366659857522
0.5435443324052953
1.1938101280935052
0.21890753218010706
0.8397485960720336
1.699420805131087
0.29058438081998467
1.327534231865237
0.26350397931302927
0.3967157765587997
0.18180241048141457
0.64627478133077
0.7196119024212739
0.8391783454447754
0.7790459848249135
1.7361197290509263
0.8703224067213916
0.9325216335179731
0.49643368789878867
0.5531073406467205
1.18874171158075
0.5153011994713418
0.6790722321333122
1.4149339064187718
0.4036429766063953
1.222619154668423
0.8891482627337113
1.4948112220486798
0.5197015071129616
0.7749703323473179
0.7480826130233165
0.6829725457245065
0.5759305753514408
0.7756845404557421
0.27796391905465334
