x	y	z	feature_id	residual
0.07646187746172473	0.11372499532342317	-0.23747227091280365	00606-12	0.2741767180465337
-2.242336700739088	-0.8617237770999964	-0.6021776813097404	00708-20	2.4765418848403344
-0.8278735213852997	0.13465595473655867	-0.17255195517486754	00706-14	0.8563182648942973
0.6305579693316758	1.1264693085018962	0.06003722141645085	00809-12	1.2923393221750372
1.0789727197393404	0.975409662143079	0.37747070986574727	00808-17	1.5026943387629887
1.7647148272865252	0.6222143141168317	0.21034895574985057	00452-05	1.8829805515516729
1.9487612996829284	0.7189005216921487	-0.6723443591815794	00606-20	2.183239680052199
-1.120896088846166	-0.15702679514788542	-0.8197877741897628	00708-23	1.3975397851567781
0.08549911786917619	-0.5650994713835189	-0.29238087841690685	00502-03	0.6419767050120915
1.1337805342575393	0.5286595224833945	0.3201431455634065	00452-03	1.2912903717696165
0.16497453564556963	-0.9759503882520448	0.4091098111939573	00656-17	1.071011949212493
0.7510661598594197	-0.3666376969168823	0.45197627521997674	00810-24	0.950161107732902
2.236646349113016	1.0489880066688784	0.08617851042640723	00657-07	2.471920197901835
1.6467935921482422	0.5607465061812036	1.1875569652142985	00451-03	2.1063374195422564
-0.24742881990209753	-0.7165441684329608	-0.016255190870424485	00502-02	0.7582353180007257
1.0093898207699112	-0.33962123844332837	1.1066494198219061	00655-24	1.5358656628324805
0.03496303437350434	0.1743898648223876	0.4999104838962012	00553-21	0.530607887836873
-0.9476002893302393	0.06036228021946499	0.3877646813325555	00757-18	1.02564680143848
-0.7831663203726293	-0.2587518233250421	0.6954004790659383	00553-16	1.0788344718839744
0.21535295881903949	-0.24048790930373798	-0.4611557559148878	00605-03	0.5629173674766389
1.8522642907971658	0.4743325101693472	1.5503773650693802	00451-10	2.461614167022394
1.3592835611784722	0.020494359158078623	1.26211737017843	00451-15	1.85499651604887
0.09740395601806995	0.42683720122852264	0.3515237862434333	00808-04	0.5614681640979188
-0.9930631216195707	-0.1214796265564928	0.3357633835453271	00758-01	1.0553050331155052
-0.7093746123748588	-0.07106398945916226	-0.28978233466705206	00707-09	0.7695688616133844
-0.3490418574974683	-0.8396619541269956	-0.15685169139942445	00657-20	0.9227485402798035
-0.8342078304838196	0.4014504193364701	-0.185136358931004	00757-11	0.9441083703813765
-1.328034735828851	0.366685250560181	-1.1050215120490066	00504-08	1.7661276495874982
1.226465098488461	0.45151442383689755	-0.21049226985064706	00453-12	1.323778270107934
0.8171584204262672	0.48994637655539464	-0.11618091534705854	00810-10	0.959840268515649
0.8618057400049111	0.630203013682376	0.5297025976788063	00808-24	1.191826251576729
-0.6057159928225246	-0.6540847777142744	-0.9668736838073073	00453-18	1.3151286936409006
1.2348957198430526	1.1058260606733938	0.4305035651796061	00808-19	1.7126447486222818
-1.1849041246425713	-0.8674165917949495	-0.5020038151549215	00503-22	1.5519075870509302
1.273065859186545	1.096038686634074	0.34120134215299913	00808-18	1.714180807357243
-0.7122262039238194	0.17316016445954574	0.017492806780182946	00758-21	0.7331825191590698
0.6777544699223199	0.5137777524306557	-0.16686415457434123	00810-11	0.866696225025926
-0.3306555326093985	-0.023439973861513863	-0.8190736535966607	00606-09	0.8836086031926218
0.29827607301785974	-0.24729832720333889	-0.17262057788957463	00453-15	0.4241732456007285
1.077978649438819	0.1855431750769867	0.7491827494286554	00656-01	1.3257975073536188
-1.5610641991277134	0.11381614574520427	-0.7989197149652227	00555-03	1.757312795091032
-1.27722660173049	-0.5731848243633522	0.10923154252645872	00554-23	1.4042008990636534
-1.2392390920590515	-0.3477399007033455	0.11674482842681755	00758-02	1.2923876820803122
-0.9851293353158326	0.04757285704772585	-0.24185577062439734	00555-16	1.015498497198208
-2.342096842104411	-0.9334260457858363	-1.02989987296246	00504-20	2.723489590410605
0.67085950391197	-0.5357175178908165	1.2485664169469146	00451-16	1.5152438188264514
-0.2506986796711317	-0.7770581194021133	0.05037985269677847	00604-10	0.81805090212978
1.2321584586989047	0.34581608676523956	-0.8981933832965296	00606-24	1.5635071432540852
-0.31182260942637186	-0.5426264140621697	-0.5150422830415664	00453-17	0.8105216334608903
-1.3150354020997383	-0.918567678111458	-0.5993655001175284	00503-23	1.7124028996640455
0.8401199567492768	-0.09834299132967317	-0.052433331955853646	00604-23	0.8474798758507883
-1.2085521637479815	-1.1508615580826245	-0.21617200874834452	00502-19	1.6827985606538258
-0.5859889797206961	-0.10219852234320115	0.4740110232924053	00553-02	0.7606011257722074
0.9918129148943535	0.27052095024134815	0.15846703287024866	00604-01	1.0401856772602749
-0.5191490585350493	0.12967308073882577	-0.5475760937474661	00708-01	0.7656176795828711
-2.029459701780297	-0.8303567741013467	-0.2755206911476762	00706-22	2.2100024218757452
0.5232766599538081	1.1923105108780874	-0.19915036778411377	00707-00	1.3172257536927097
1.2123847630491582	-0.3292393448789426	0.8318855957675169	00656-11	1.5067544605328218
-1.8086556893351826	-0.6339875017729355	-0.5751251935896562	00708-21	2.0009858928214244
0.12174672674655085	-0.8445281728058944	-0.2808481085726271	00657-17	0.8982904653981273
-1.1798450530122864	-0.000520944722211425	-0.2533202284885192	00504-13	1.2067335077234094
0.8969555965657037	-0.3751243861814828	0.9947073746131991	00451-20	1.3909314894805045
2.0544597434479783	0.3213751376733853	-0.19899533754028198	00554-00	2.08894374288196
-1.5605532351735292	-0.8066163151578394	-0.08399245081022855	00707-24	1.7586958268792494
-1.6710783081209684	-0.24843386556563019	-0.5983956503107493	00758-08	1.792288886241039
1.6753823890194326	-0.13514364351942731	0.8346217783616794	00656-10	1.876636210546887
1.7927210328371075	0.5126590419687318	1.4528871359186724	00451-08	2.3637997006106093
-1.246141144758667	-0.011123572326596332	0.1761246955175011	00758-17	1.2585751447144022
2.7759834612647865	0.8690491227443999	0.8644603268876381	00656-04	3.0345711742717647
-0.8030573583600926	0.091514131720146	-0.47051335361720703	00759-05	0.9352319354325394
0.8370424113472836	1.2337685030885268	-0.039873865431445665	00809-05	1.4914471639155793
0.7399537038293147	-0.19920614713589657	0.28248326918105704	00656-22	0.8167076406123963
-1.722628835609612	0.007786663759134171	-0.32565551119500924	00758-07	1.7531577936335074
0.8765255032451478	0.985314651529734	0.4832559679844053	00809-24	1.404520648104137
-0.25926795068608044	-1.0148238279392672	0.37808904457801873	00656-20	1.1135702032814034
-0.9628243464394473	-0.3254114765302347	0.43297191110696076	00554-16	1.1047117393065715
-0.8447143536836847	0.007517418173620172	-0.3034009704681466	00706-15	0.8975806369214164
-0.5440182083270884	-0.7487264007729664	-0.16965270624154982	00604-09	0.9409192712134966
-0.6207138007416688	0.4400062352203804	-0.9170153835568726	00504-11	1.1915571002448597
-1.1565936228557803	0.04556363252709161	-0.5217551495684347	00555-14	1.2696508532430884
-1.7889956010217247	-1.018729982952209	-0.1991087201722621	00503-17	2.0683230698054706
0.9693759026908992	1.1869380835510128	0.39146340431511817	00808-23	1.5816937920531673
0.734452392927551	0.06717986690262023	-0.16441767880428415	00810-03	0.7556233354638066
-0.8867690637052874	-0.3583447201991703	-0.15634955620703295	00707-13	0.9691313092483959
0.36543499242884536	-0.3634629650792931	-0.3141311223384946	00605-10	0.6035945847150586
-0.39238548440039267	0.48185439521205353	0.12570931984441813	00758-19	0.633997523377695
1.7288541821412764	0.5343377398933171	1.260791281612228	00451-02	2.2054587412080697
-1.0357643064241984	-0.34832765651924547	-0.26033019031024196	00707-23	1.123348415561956
-0.5873405139918759	-0.6743856735801046	-0.09729863741631561	00502-04	0.8995731993281058
1.0357151590799276	-0.425199080255652	0.6515843146071347	00656-13	1.2954004275282072
0.8346342032762095	0.004362762976711565	-0.4716121185845168	00657-22	0.9586716212421647
0.6635492822776996	-0.15514315226971576	-0.43030303906607514	00606-17	0.8059328465430198
-0.5804749956369051	-0.21301959236939183	-0.27490318228160504	00706-06	0.6766833283903485
0.9071980144490226	-0.3135827856151536	0.11385094419779307	00604-19	0.9665942470080905
-0.6627676808266187	-0.9445925887907833	0.352684329814565	00655-18	1.2066078045676307
-0.5094034327864847	0.0985518934052152	0.4820403352048288	00554-13	0.7082141044859184
-1.6292805208279333	-0.7636583439467586	-0.7592734070808547	00504-18	1.9530041445242805
0.7358265178279453	0.026721229854615558	0.5619586237062322	00810-13	0.9262570826836064
-2.1949717268948916	0.012867371764627933	-0.4786629639693274	00555-05	2.246594018553413
-1.117530808722222	-0.0009324373046410983	-0.48989271825234937	00708-13	1.2201929573962254
-0.10974791889566404	-0.6989713333521195	-0.0015738262759441568	00452-21	0.7075365767782722
2.1719127254405066	1.0874619349511931	-0.5002531840448228	00453-08	2.4799257236952053
-0.9559058378567897	0.12450830520356249	-0.5599204672198539	00555-18	1.1147955949523007
1.0960886745260723	0.5917990479612172	-0.6748798007795358	00453-01	1.416721299724244
0.7303533268595856	0.5458563315410174	-1.1559301728784703	00453-03	1.4722600589940393
1.549463090602103	0.5912602100753475	0.349800659584389	00452-09	1.6949292040088986
-0.918441519083899	-0.35970521203307726	-0.7102932268196582	00504-15	1.2154995399451138
1.144992440802298	-0.145886364012199	0.7704937992753003	00655-23	1.3877864444577885
-1.2121516625852564	-0.20477976033760115	-0.17367689848651935	00555-17	1.2415353673657563
2.5701146118076394	1.8412106561004293	1.7253953475214985	00451-00	3.601740538019603
1.192343840394642	0.1272729699245474	0.035915414411874735	00810-02	1.1996550169081257
-1.0013962635189273	-0.3543428960459778	-0.11818583115859838	00707-01	1.0687942997857764
1.9902842466658512	0.8573856613982116	0.2234455490890923	00452-08	2.1785934609984556
1.2096013945706545	1.385669944728079	0.28748396724449776	00809-16	1.8616830452288662
0.2781875460536867	-0.7127611291861058	-0.10627094298502016	00657-16	0.7724702268572881
0.8552762163828902	0.27803981868146366	-0.15515239839373862	00453-14	0.9126203010069319
0.5930771480811927	-0.7004621261158945	0.6190004794082142	00655-09	1.1070452959145436
-0.8242412966556003	-0.022362375204011187	0.36198322280415596	00553-06	0.9005029952914946
-0.2887437886686257	0.3367397468920217	-0.14339030411883869	00809-09	0.4661838821183202
1.595442070323088	0.5854593698451254	-0.30346829722657276	00453-13	1.7263519574286896
0.6641088615658646	-0.4626262000406314	0.7829002883358953	00655-12	1.1260534811680887
-0.49434308655327186	0.3369167838636713	0.13817239783998048	00758-20	0.6139866594616737
0.9299524359848874	0.8649686202080602	0.2478239305162333	00808-12	1.2939856829483765
0.6847213596408892	-0.32840288677232365	0.28177760732069146	00604-15	0.8099940841612594
1.4598776024470226	1.591371775341031	-1.2861833972369823	00504-00	2.513558129983589
-0.25076832986292175	0.04407958229705855	0.048440102576250865	00759-18	0.259179876486042
0.9407432619752853	1.2399957894772342	-0.6013508695737073	00453-07	1.6685953107959473
0.2764104084592418	0.42234028966470305	-0.019463998724177145	00808-05	0.5051265994035603
-0.506037768543365	0.3506573667950761	0.2804380789038987	00757-17	0.6765207522163043
2.051090833095941	0.5462177903085603	1.7346117424378917	00451-12	2.7412050957677696
2.2029715208716425	0.7992615535785035	-0.763481657328839	00606-21	2.4647123146277807
1.836594621806853	0.8726803815253561	0.34670183719072156	00810-16	2.062729506518128
0.32714888581790547	-0.3759533026113786	0.4027173780298199	00452-16	0.6407406384829298
0.9115274414459691	0.7191431367214136	0.5656541248067697	00809-01	1.2915160535252594
0.3410183838025205	-0.5059970705807473	-0.06969654339081899	00604-11	0.6141532232987215
-0.8628273705191987	-0.3154456986309242	-0.047059457993100295	00759-11	0.919886760796366
-0.9092951042223376	-0.24513648739105065	0.5425049238049269	00757-23	1.0868399497468448
-0.3170273924515641	0.4388170925567465	-0.14816771902678738	00809-07	0.561266853863824
-1.504135325291827	-0.521857055858959	0.4200538428649452	00553-08	1.6465731366830139
-0.9240288775133649	-0.36451028558815324	0.40678026126397526	00554-15	1.0733905606684615
-1.462857168434084	-0.27633428741114585	-0.20091543113267107	00706-17	1.502224598422366
-0.5718204155568856	0.4460196158401004	0.04947165688940913	00757-12	0.7268834364581321
-0.5642878758751522	0.2563808696036176	-0.2921439949429896	00759-06	0.6852007522906318
1.5416865871145546	0.3812662326477039	-0.3666669975214063	00657-13	1.6299098625745105
0.9629606670960129	-0.04563434908959607	1.1257363015802184	00451-24	1.482112668081053
0.348059630386615	0.469960387853007	-0.0669053024423647	00758-00	0.5886294181832233
-1.6752292783460234	-0.9576874440971324	-0.1552180992466674	00503-14	1.935885077669329
-1.7103582242007178	-0.37336847059339107	0.28775868179423014	00554-11	1.7741291747987895
-1.8281954803653662	-1.0149979172242638	-0.3411411031213447	00503-18	2.1187016634337157
-1.0094882017633608	-0.45112054092692233	0.20778811641912398	00706-01	1.1250564755916168
-0.8443367691947969	-1.03513050272511	-0.28931342585246966	00605-09	1.3667852778928882
0.17869597900948975	-0.21353792879062894	-0.24375085792598838	00453-16	0.3700610499444748
-0.38992357191091287	0.16118149384544722	0.04357629589026146	00759-01	0.4241683150042332
-1.4868597860604496	-0.45181502615764657	-1.4418968405379928	00504-23	2.1198951247689135
1.0382737753971014	-0.13012798870147435	0.4412161209320402	00810-23	1.1356132226648112
-1.1036354701170694	-1.225013149580036	0.14744264153364384	00502-22	1.6554177116628126
0.05364139670768964	0.347427109575392	0.09470007427512428	00809-11	0.36407567891357046
0.5939804725551312	-0.5011502052789183	0.6831108202236464	00451-19	1.034700305757441
-1.633551002626291	0.08205487082966556	-0.3005110747888011	00555-10	1.6629879091800257
0.07364073728922449	-0.20556870521045312	-1.078499248050548	00606-03	1.100382696517898
2.623308516035877	0.9692707426294191	0.7650073468473693	00656-05	2.8993912436154923
0.8625450185702448	-0.2661737417546419	-0.1849105729859275	00605-18	0.921425140671772
0.21078972051623168	0.4149006961380337	0.01623329255403405	00809-10	0.465659117507948
-1.083549950926681	0.24179896265468415	-0.4394527553743046	00504-12	1.194012545453423
0.832041409171552	-0.16411297525496593	0.7542600626456988	00451-22	1.1349600069277828
-1.0660217896891027	-0.3664076738081121	-0.3618075952281288	00707-14	1.1838757432611713
-0.6441860957233985	-0.13317393995066595	0.41666679098648274	00554-14	0.7786669627744023
-0.27354515377578537	-0.6774014716920647	0.12184847119237929	00502-07	0.740639423023588
2.376897938604543	1.5748409427518482	0.5982923314575146	00655-00	2.913369444370371
0.6721626714074773	0.549035516143249	0.7726950175194816	00809-22	1.1620242015206705
2.290253692363649	0.7476067508644064	0.6556050680374028	00655-03	2.496797115217752
1.7082089871660173	0.7400186335407852	0.49207205957895894	00452-04	1.9255493848874923
-1.4329139903006762	-0.28011928170280953	-0.09376465199147788	00759-09	1.463045154991529
-0.20611761511463556	0.3809105055897817	-0.7220791041254415	00708-08	0.8420068391312557
-0.4647463291287295	0.0007069779397852471	-0.03624331050741603	00759-16	0.46615794299032776
-0.5961936579142275	-0.3546144947617904	-0.5880459848349346	00606-10	0.9093934230644045
0.07140450765177775	-0.24577474001978317	-0.04926600757653432	00605-05	0.2606356960343612
-0.392183151260042	-0.7647545026319449	0.48125678470842104	00655-17	0.9850203887514095
-1.0347007058644522	-1.2060973384596991	-0.042541783921706156	00502-18	1.589681145366959
1.886453866948159	0.6844063222232535	0.15032343537245652	00657-09	2.012390951392149
1.6777005752203422	0.20741585802943519	0.6717093345673675	00452-14	1.8190365549932441
-0.3937503427387128	-1.0101072642304416	0.1823185473549529	00656-19	1.0993616649527038
-0.04665316528439689	-0.6780497665704388	0.2092474745902564	00452-18	0.7111346633371768
-1.5579644477718375	-0.1713496424723644	-1.2530722923411304	00504-01	2.006689834112255
0.7193931505898945	-0.15313379254382653	0.5977743600892609	00655-22	0.9477925137468831
-1.0646464853134603	-0.20610083515316546	-0.687897523240963	00504-16	1.2841934026548287
-0.179532389926635	0.23950596000577207	0.02250051737155445	00759-17	0.30016871454740823
-0.9140825372273866	-0.2173225804701815	-0.9649302453865403	00504-19	1.3467985622608913
-0.06944458919269891	-0.271027889072343	-0.26179276599896184	00605-07	0.38316330715837105
-1.4163960823505022	0.3193333868719037	-0.8209394772070482	00504-09	1.6679608206747283
-0.35937583664599515	0.8269182079928896	-0.3485969392813786	00759-07	0.9666770612523741
1.3308806646355151	0.11925042153234244	-0.12228911226225136	00605-14	1.34179679292887
-1.3114982645397504	-0.17141326822422798	-1.519287095536356	00504-02	2.014359323724887
1.7636278094307727	1.3349136532666535	-0.39493288839298657	00503-00	2.2468532435852895
0.01420893249337496	0.6770782697914228	-0.2221203930384945	00809-06	0.7127231904392639
-1.7866570912121915	-0.8231189181666423	0.1105567971740129	00503-11	1.9702515373484697
1.7045739904519905	0.35331216476674854	0.8174944882439377	00655-02	1.9232002529655632
-0.8194401642269895	-0.17810120978208488	0.056513116629048454	00759-13	0.8404736498102283
-1.4817700431672165	-0.5906033508089195	-0.19027006221108422	00707-15	1.6064424905325145
-1.0326083586483037	-0.5419168308960707	-1.0570299689527474	00504-17	1.5739333623832459
-1.302384111597803	-0.6069089542709207	-0.2230336260047352	00503-09	1.4540587509607172
-1.211418695044813	-0.6676003252075589	-0.012631147087631689	00706-24	1.3832516021310315
2.1823023854140047	0.8197188105142459	0.03925272897436116	00657-06	2.3315066816173786
3.094131433384746	2.2462941215278533	-0.10027210241605644	00657-00	3.8248583113617514
0.03331425708279312	0.48266575961952185	-0.029608944463689113	00808-08	0.484719263931528
-1.1527295424673412	0.10898038301399993	-0.9129529020954124	00504-10	1.474498261580284
2.585329503249568	0.7325612482367205	0.6726457403697168	00655-04	2.770022908719046
0.5584337917782705	-0.04640169372453329	-0.2946369877581674	00606-13	0.6330974423701051
0.4389377420420715	0.1695901919837297	-0.44807441433295025	00503-05	0.649767539498463
-1.789662526930897	-0.25353078109651506	0.023861197092855946	00554-07	1.8076889040957234
-0.491283295466701	-0.15968714055316013	-0.08802923939447282	00706-05	0.5240309210829415
1.143631461199675	-0.0861544308147586	-0.06100636848941576	00605-24	1.148493483651947
-0.5834729488638004	-0.32279454936974616	-0.8480535201490511	00606-06	1.0788103522843269
0.1904572744174402	-0.011033324192226246	-0.894446982865702	00606-05	0.9145660789570146
-0.9725684347381502	0.09974462384536764	-0.24552865314262817	00758-10	1.0080291016379948
-1.692303734027746	-0.7514452484692811	0.0992699753778652	00757-06	1.8542967447695187
-0.31517180351488605	0.16439172279297054	-0.429859387090346	00706-07	0.5577965551375831
2.1389062151547478	0.7390696662268965	0.6035919387454669	00809-00	2.3421073838069115
1.189977676256376	-0.42215679307810206	0.7925283568329178	00656-12	1.4907596802686864
-0.9201368420597191	0.013930055627497495	0.0914532150532068	00758-24	0.9247754025215992
1.1428450930939107	0.1289499238772578	0.009223238568665693	00657-14	1.150133930377882
-0.04652158165004039	0.014354750342022271	0.7718570501244812	00553-14	0.7733909892437777
0.7728862606795701	0.8431502040347141	-0.5246468972316052	00453-06	1.2583758601013366
1.7404550209321314	0.22478976662944206	1.1615904732791478	00655-07	2.1045205027944154
0.061545661637410376	-0.027068605435033533	-1.1036513030942388	00453-23	1.1056974164246725
-1.241390233875336	-0.23336006769375217	-0.6964509227250346	00708-24	1.4424113566246095
-1.0531917895743845	0.31818914500445317	-0.2940347959438441	00758-06	1.138821205831406
-1.1518178457506565	-1.1269370634830693	0.19247367168691198	00502-21	1.622873257261382
0.0923004754035901	-0.5125877163490031	0.18226955435102354	00502-13	0.5518040731590658
-1.0110281037511868	0.4296060792191838	-0.05330977908465684	00757-09	1.099809593712864
-0.11801064437349851	0.5063150831882695	-0.3070716019235533	00706-11	0.6038000036082226
-0.4814246648604694	-0.13447048907494263	0.557765553498939	00553-13	0.7489689132654621
0.6218472433574789	-0.23847818166143497	0.49005293652976434	00810-01	0.8268722499886456
-1.0155465865761926	-0.15618182067851194	0.5554584902236002	00553-07	1.1680161664028852
0.3745007441243615	-0.668800754004792	0.9959406359785135	00451-18	1.256758929270194
-0.3371466759795112	-0.04389451383212872	0.5099413543480296	00554-20	0.6128905239460756
0.8800528460187707	-0.16524039938394708	-0.10986694922712559	00605-13	0.9021464115689759
-0.20203309698877092	0.07237496507343621	0.6680034249463915	00553-12	0.701629591442924
-0.8762296885679461	-0.593741973280089	-0.2531209304092954	00503-01	1.0882914147293827
-1.4860053671807236	-0.13503263756331307	0.14230344505199355	00554-10	1.4988982737233665
1.949068971787483	0.10685707418076618	0.09192861665223973	00810-00	1.9541594514385934
1.4344262503309437	1.0181454394585217	0.13656604985135345	00810-15	1.7643268091543243
1.934297764838675	0.6937049691980519	0.1885285844482496	00657-08	2.0635594138536515
-0.2450507062712859	-0.08513416153834896	0.43687048762444647	00553-22	0.5080880800236465
-1.3017027936052727	-0.37120492359440505	0.7132627549437984	00757-20	1.530021900421859
1.7706905808090596	1.5264901200029044	0.4190998598551232	00656-00	2.375113031407767
-0.3443570755134715	0.6902332266806752	-0.12233298141654814	00706-00	0.7810051606823534
1.7148323136859744	0.48461705051977333	0.6730104515272615	00452-13	1.9048481875417276
-0.6236533544822578	-0.012501400727160217	-0.4048438751381127	00707-06	0.7436385915308306
-0.35633435703584837	0.5498577279477104	-0.6113075555751948	00708-10	0.8961108315890896
-1.8143312120889732	-0.9907386360760029	0.19347798002081618	00707-16	2.076245294016802
0.41364446369152574	0.18728435915784303	-0.49070680820000234	00606-11	0.6685584081751181
-1.010135263066104	-0.09389617124259075	-0.49000071456271144	00707-04	1.1266279070463383
-1.3492185166908257	-0.1221583505845274	-0.7058081990310257	00555-22	1.527572742038278
-0.42507115264288586	-0.02697088992999852	-0.4389518086618409	00503-06	0.6116302837828332
0.42539765333231117	-0.3726683683049714	-0.01696159032894684	00452-19	0.5658025907878241
0.8030782194837229	0.0722709793122931	-0.7359012303461441	00606-01	1.0916539478629999
1.0589189119175444	-0.23817532503335315	-0.007071208354773262	00605-22	1.0853970469183045
-0.9685088283235928	-0.27661426936924727	0.6342773520734681	00553-11	1.1903077601665677
-1.6357728330483496	-1.0517606398777843	-0.06515489145067477	00707-17	1.9458156040116186
0.2723605922706156	-0.24728579623968017	-0.14373634248613598	00605-06	0.39495657153057334
-0.050814876082768023	-0.37164153628691565	-0.262273128151719	00605-04	0.4576972546077745
-1.956614929074476	0.2555324069840026	-0.27390081807425304	00555-07	1.9921497056792443
1.1403551192711348	0.22002392619276634	0.16599617483097973	00657-12	1.173190119376941
0.6939762580996103	0.7942476759369583	0.6127798517127303	00808-01	1.2198080030079619
-0.5350414541626378	-0.6968744904388586	-0.14661615081422497	00604-08	0.8907298741910863
-1.8986237278288627	0.34617977164873537	-0.6175084597846308	00555-08	2.026309253810761
0.33134949664076885	-0.4995698257833965	0.7261621037105215	00655-21	0.9416336339695148
2.1459183400140773	0.7932435039618895	-0.7368313551310166	00606-19	2.4035642750903747
-2.025755907195844	-0.4834845496610569	-0.5741801798856159	00708-18	2.1603534859539284
-1.356978137713213	-0.3316754850828829	0.4387731551412344	00553-05	1.4642131591094172
-0.903003530628439	-0.4729641458493461	0.7768975877636422	00757-24	1.2816709099684653
2.4422693190986138	0.8395057815150722	0.5701256292122707	00656-06	2.6447103087658443
2.4142519575605093	0.9300248401428917	0.009074514462326988	00657-05	2.587207193999021
-0.9911737502047799	-0.47097018783154	0.25063539191114614	00554-22	1.1256360071530838
-1.2658282381432855	0.0515745902546314	0.0022651418353234476	00758-12	1.2668804985902977
1.7449028313226336	0.7342671077977911	-0.35810096843897554	00453-10	1.9266733973220287
-0.5490834559370796	-0.1978944079990015	0.5140957041141974	00553-24	0.7777848232575347
-0.9560852072988837	0.00924915491759748	0.043467644026577545	00758-18	0.9571174988263773
-1.8653121197837663	-0.6368011223629537	-0.3842164028997104	00706-18	2.0081153397930405
-1.4294714868240135	0.07116245247971165	-0.32746165470030064	00555-12	1.468224765349244
0.13822117885524676	-0.2323416508356786	-0.8566053110846497	00606-02	0.8982540820812405
2.1961629803661253	0.805570805986008	1.7295546068555723	00451-09	2.9091983943833917
-0.6933494875329416	-0.806114132259836	-0.37922388478295943	00503-21	1.1288774339498067
1.9882828612685444	1.0003743076955516	0.14296243678063547	00452-06	2.2303487956465107
0.5874908529947334	-0.45133630651230305	0.35994567387592724	00604-14	0.82365699904186
-0.8102553908736354	0.15614086663072158	-0.5337352991341504	00555-13	0.9827345207195083
2.0393442665115344	0.37479989599091823	1.1441149184392998	00655-05	2.368205849579727
1.5667986147598185	0.5239931999469718	-0.27890956019405166	00555-00	1.675475250659225
0.8435836091862257	1.00981593114318	0.34263104232604746	00809-15	1.3596902410636256
-1.6046133782811012	-0.21966766648824887	-1.435824128671129	00504-24	2.164400357127416
1.3125074846552707	1.2097192978076237	0.31420172808702773	00809-20	1.8124070742239864
2.1171694600150204	0.6385236975202133	1.3948550821548906	00451-01	2.614524762730027
0.800087567501123	0.8117658027352945	0.3687473804793626	00808-02	1.1979476051859417
0.7390216412602513	-0.5405260307996969	0.15715478223728496	00604-16	0.9289881602061023
-1.0031942159384926	-0.04759406333437255	-0.17887558641723444	00758-03	1.0201275925947855
-1.059643584921787	-0.07874884616148847	-0.04428475019540201	00554-04	1.063488150821405
-1.0024477351678343	-0.2747052394796583	-0.02151927093291306	00759-12	1.0396285439339288
-0.9672174140343941	-0.6278424734683767	0.42860844281744903	00757-02	1.2302035989041278
0.44605948043749777	0.8021643942093988	-0.7762430794962256	00708-05	1.2020774076120413
-0.6883317705660374	-0.9210237521904219	-0.11520720965540932	00502-23	1.155576946648766
-0.07173187745775067	-0.6438964069175199	0.535812642727933	00655-16	0.8407396940742109
-0.06679223866922257	0.5637763360849704	-0.7016502424053215	00708-06	0.9025619219440216
-1.483957794823482	-0.7474165194428224	-0.11709139962977133	00707-18	1.665674814068056
-0.7603054959492965	0.01632140465244447	-0.32609757354362046	00759-22	0.8274481632655737
1.863487879748618	0.5674847838151891	0.7551790325799175	00656-02	2.0892394379486787
-1.3170630505912868	-0.06567338139097956	-1.194939455323265	00504-06	1.7795640966664878
0.6949149539882455	0.8624147412019738	0.07990817016820984	00808-11	1.1104284284809105
-0.42008132326736813	0.363303458072437	-0.39732704861216916	00706-09	0.6828810323653096
-0.8742549739597507	-0.3547774196439377	-0.8553490777555908	00606-08	1.273503365445068
0.6019720220858744	0.6089276170238236	0.48637394124443745	00809-13	0.9847450273396237
1.6942120466862889	0.3171697607938313	-0.23976845245601908	00657-03	1.740241370354157
0.37862288848623393	0.25862816081087203	0.08175842161767832	00759-00	0.4657555761936592
0.10366460664954502	-0.8519528442785713	0.23588541885419545	00656-18	0.8900628800113909
1.3143852519719985	-0.13438899827804107	-0.02031071125679773	00605-16	1.3213937787243537
-1.1181348181446538	-0.15359890644424468	-0.39512037535610034	00707-05	1.1958002369249603
1.4436983594403046	0.3170439776170042	0.2893042573709863	00810-22	1.5061470014997926
-1.5472360063549786	-0.3053350080817836	-0.6844244210910801	00708-19	1.7191874576983939
1.3872749101415138	1.0628531701150905	0.4223261726888268	00809-17	1.7979287899329706
-0.18335847937669314	-0.016271900359242863	-0.8081202722701164	00503-03	0.8288205361563874
0.42455291053443034	-0.3309354919309726	-0.2430644181495154	00605-11	0.590629989954128
0.23058776440234396	-0.5326379585637824	0.15445630081876516	00604-12	0.600608575411375
0.2414653249938965	0.47164351102253477	-0.011241853214187358	00809-04	0.5299806448614528
1.3564827514837816	0.4376614547644522	-0.6155287314820725	00606-18	1.5525683957041883
-0.6733083493397771	-0.04415642123433372	0.0028273684395117016	00809-08	0.6747606366995426
-0.6497895380703085	0.007221538632734337	0.1563786663866722	00554-24	0.6683807909468397
-0.4930535988212341	0.5382763275493971	0.07164212516954649	00758-14	0.7334683702856213
2.423028162253104	1.7401737089619473	-0.2368073545462721	00453-00	2.9925487022939556
1.4962526379247265	0.12153119716140282	1.1155612533273143	00655-01	1.8702990932750287
1.2319900200313896	-0.027397109279831966	0.9952022566374126	00655-08	1.5839752342350664
-0.5441844417484845	0.012486522387121113	-0.031484741478379874	00759-14	0.545237479295393
-1.761890394537886	0.23467911696275223	-0.42642409056929864	00555-09	1.8278866363429485
-0.8519359059148428	-0.3044273877623027	-1.2029905331473856	00453-19	1.5052099670972665
0.46315624948556433	0.2442300785281759	-0.520819010661171	00503-04	0.7385218240251904
-0.21132328079352192	-0.8298602826482693	-0.04086200341953372	00502-20	0.8573186811483003
2.3068436093089986	0.7537195945484427	1.022892654924135	00655-06	2.633615394949267
-1.2077125575099217	-0.49906290270780573	-1.106061954594452	00504-22	1.7120182387543645
-0.6321013456076798	0.8213423249834477	0.1934080818300572	00757-13	1.0543064127877801
-0.8938959894310301	-0.6901991666524054	-0.4270131344828769	00503-20	1.2073794542683947
1.444344454131624	0.39937125222320446	0.24930327907281935	00810-20	1.5191380530549452
0.4139190000119015	-0.20472791881661578	-0.3843641293995006	00657-19	0.6008146496906275
-0.7254893351723695	0.3802980513321472	0.1569705026927295	00757-15	0.8340270511269304
1.0672902871344832	0.9668139734091028	0.5716578823742111	00809-21	1.549396834471812
0.9355122976066923	0.4798597280979493	-1.0114593761243214	00453-02	1.4589375199690326
-0.7947774415260938	-1.2770424442475132	0.16130217521231316	00502-17	1.51278781648209
-0.015965224958335966	0.43071038245216187	0.2782213912532825	00808-03	0.5130043513567598
-0.8916016815676358	-0.5013322313631079	-0.9684073229163914	00453-20	1.4085809553787956
0.2096915121164784	0.42682997350436835	0.03531844564531639	00808-06	0.476866594697339
-0.8683214174413934	-0.4131243508194302	-0.2078817124465786	00706-03	0.983803140672527
-1.245480453379514	-0.5526639468681651	0.6149342894316305	00554-17	1.4949258102785978
0.25127942965423244	-0.38549111586837626	0.9426753759787516	00451-21	1.0489907609971991
-0.3602053355084536	0.4065911747715063	-0.6422944038893093	00555-19	0.8411934191363805
0.6114658414944643	0.14510907482031143	-0.17489142135627844	00810-05	0.6523297694983415
1.3572069680717505	1.3762237899427419	0.5205698399038283	00808-22	2.001748144099146
-0.5772214146370516	0.13056854670662688	-0.4372930976433054	00706-08	0.7358382703768247
0.8011353293177308	-0.6165067155263841	0.6240205156211687	00656-14	1.1879814603293555
-0.06441478810370427	-0.0036336088157895574	-0.05039044358454703	00810-06	0.0818636967410996
-1.130954304563602	-0.13812449024169382	0.018622615700905953	00758-13	1.1395099015063501
-1.1417764577277012	-0.5157953040944676	-0.3165401077444585	00707-03	1.29224452599266
0.6767317627823104	-0.4876850476812251	1.1963334372421741	00451-17	1.4584293872361347
-0.7466792547681962	0.204111501505281	-0.4471356269370972	00555-20	0.8939360622686391
-1.0618063778176747	-0.019483199931642048	-0.07098344968562742	00758-23	1.0643547478088022
1.0211889158376835	-0.12485714265767456	-0.030279016537178904	00605-23	1.0292390037036299
-0.5035096380831874	0.00022184605302300042	-0.03385348408505706	00707-12	0.5046464735267956
0.5147157215405969	0.029938243394212805	0.41101848360449367	00810-12	0.659366943577797
0.7603791970377642	0.039808835026065026	0.11375250105470514	00604-24	0.7698707022157216
1.129830707704059	0.19078266954250012	0.41283092675394073	00656-24	1.2179264465284163
-0.5050270871349767	-0.024981185649494364	-0.19435238416485845	00707-07	0.5417095786554439
-0.592668083105309	-0.006887273410598027	0.8292184480808373	00553-01	1.0192674457198887
-0.7927123025931451	-0.014371201281051071	0.32558101884728785	00553-04	0.8570894503740111
0.417733475821251	-0.5692695905112259	0.026409360654497505	00604-18	0.7065879830797449
2.068138838877985	1.0006189461845452	0.2944854199540714	00810-17	2.316281113100173
-1.1325806638924405	-0.508119524592189	0.38327645031586144	00553-09	1.2991632879902204
-0.30209912756367885	0.053910231803115494	0.19261062842201682	00554-19	0.36231070940413257
0.15497694935879736	-0.17247409396645708	-1.096063105793064	00606-04	1.120321159223036
1.6738215841792226	0.6988978854590187	0.3370719503145665	00452-07	1.8449266786656306
-0.6859252497436046	-0.395433174796608	0.02050183748519885	00706-02	0.7920108391340491
0.9106518603782661	-0.08927893272698384	-0.37568898561448805	00657-24	0.9891409164276389
-2.3241235030541247	-0.8113208210440916	-0.42782480034998116	00706-19	2.498564706366985
0.6885002917861129	-0.03012645116132262	-0.29753219905319384	00606-15	0.7506435001534134
-1.4691117484426286	-0.13447619776343345	0.2004532831679171	00554-09	1.4888098253000162
-0.6794201751115452	-0.10430707110492676	-0.13601815103379522	00759-23	0.7007086961368064
0.22539439594538635	0.16725043326982814	-0.20112361394944855	00810-09	0.3452912527716531
1.1175897077635	0.06255682282483122	0.7552806407247772	00451-23	1.350321797659533
-0.8810715984479884	0.24493304608677136	0.022770503782112428	00758-16	0.9147665573792743
-0.0694774642381617	-0.5514516534557288	0.11638043313610069	00502-08	0.5678648160900345
-2.3129385127449495	-0.7372033847170769	-0.2876157114810667	00708-16	2.4445605313978
0.64323357007288	-0.259736846085616	-0.1116843774480003	00657-15	0.7026279634693975
-0.06773145613101406	-0.5849601732983274	-0.19257078473060574	00452-22	0.61955585835871
-1.0024316139952134	0.20920006627034127	-0.26288899492988094	00758-05	1.057234331697475
-2.9684780031232094	-1.4931116348244586	-0.650497680086346	00708-17	3.3859106959387226
-0.530262207900023	-0.32049980039698767	0.5279909035880337	00553-19	0.8140470044495124
0.3103898568369914	-0.9256276858130832	-0.11709332227019331	00604-17	0.9832798798364804
2.2464595001538328	0.4106460888415313	0.8042153536900969	00656-09	2.4211511376250643
-0.6193036301326629	0.04451241702429343	-0.09521320650401321	00759-21	0.6281591329094998
-0.1616869230863358	0.25746867872135226	-0.21985191201702037	00554-02	0.37519014490946484
-0.09614774324973041	-0.5203957167328781	0.1428873886313795	00452-23	0.5481540808530361
-0.2467961375325558	-0.0762199158976955	-1.009707834790106	00453-22	1.0422224909859525
-1.442096743993261	-0.6087354262028839	0.1498334821840217	00757-05	1.5724668233491483
-1.191255270621241	-0.7591925170801233	-0.45624634494311067	00503-24	1.484460550182216
1.2554667147376222	0.30568024054082343	0.21129889258941148	00452-01	1.3093068025793975
0.17281976516892428	-0.5027669982864609	0.10615031350948811	00502-11	0.5421339454942689
-0.565896216331339	0.08966645488169434	-0.6940015357033644	00708-02	0.8999537390042918
-1.09247996770182	-0.09175107892212964	-0.34066299642586273	00504-14	1.1480339792214305
1.6939924725456876	0.4990087730624282	1.3840511641751618	00451-11	2.243706281510426
1.1304780482726073	-0.2733434577638718	0.10609832252157503	00604-22	1.1678844624235933
-0.6038855121607867	0.10469216828869321	0.36432119914002215	00554-12	0.7129993674902576
-1.31124730344186	-0.5997240826828829	-0.018202598336074516	00503-12	1.442002011343798
-0.8484462231135694	-0.4901127185170253	0.4309206770089986	00553-18	1.0704037090003582
-1.7501085552460154	-0.8813361978581042	-0.24164560350368447	00707-21	1.9743419274515077
-0.5335888299548515	0.3911860260412823	0.10290655550875272	00757-16	0.6695769601690564
-1.9680318702708064	-0.4626132364985551	0.02899653090321408	00554-05	2.021880621547597
1.4537921623209513	0.3051791064298186	-0.03500284317306068	00657-01	1.4858906881925493
-1.427537564040449	-0.6617461993796496	-0.27214209348517215	00503-10	1.5968196041464553
0.2880478451163526	0.9343984551129552	-0.7959698095539807	00708-07	1.2608092527083754
0.39097121535337465	-0.38980138564579647	0.7965110816564902	00655-14	0.9691406062527097
2.195043540601773	-0.526232213160938	0.44235467462044653	00604-00	2.300176981335216
-2.184343047149696	0.032096161613822005	-1.3319274216839858	00504-07	2.5585963667322185
0.2725771022180652	0.27720530970202617	0.08287930565438728	00808-09	0.39750476687248315
-1.0856609781665156	0.23270631718207824	-0.29380601793741334	00759-08	1.1485355744364913
0.2845166785348283	-0.544375484189004	0.16936929992357364	00452-20	0.6371658872751309
1.9639828673346074	0.7293970165248993	-0.43128297967791696	00453-11	2.1389842728405353
-1.675477324316489	-0.47881676683448404	-0.22209184347184419	00757-07	1.7566486693238612
0.2499695487581448	-0.7128730903327778	0.14248498631286566	00605-12	0.7687488468619208
0.6412985183994806	0.6066517979521677	0.22634573856953466	00808-16	0.9113301196759355
-0.16996031400071843	-1.2856544662245142	0.6298733979442659	00656-16	1.4417123195340042
-1.4613498602457184	-0.3213758551787578	-0.7503384915989955	00708-22	1.6738678879490803
-1.5337680032580465	-0.7814813592683549	-0.259878977893095	00707-22	1.740888992972513
-0.7912037038336166	0.16694384999220802	-0.2771598017222914	00758-04	0.854804717874787
0.5796139581557327	-0.13414638114795707	-0.07221194627663863	00810-04	0.5993013909954727
1.7402511472480455	0.14892610656738725	-0.2740843679889622	00605-21	1.7679862220875389
-1.0027095442596874	-0.2909936551025112	-0.18369928039805927	00554-03	1.060117523238888
-0.9135539389903897	-0.3950529731611141	-0.23815881230984814	00707-02	1.0234096300744537
-0.5112740374029272	0.04766947021346368	-0.21347374110132478	00759-24	0.5560976153990571
-1.6377457553107888	-0.3049095889977025	-0.06172231196001121	00757-08	1.6670304917112173
0.633082923519396	-0.2947388718997672	-0.4764155708467115	00605-02	0.8453619265177553
2.1168152809771072	0.32983586792579445	0.886223995334376	00656-08	2.318424379498925
0.6894019072456103	0.3980116518298473	0.5443724254425888	00809-02	0.9643804240487546
2.0026488965154385	1.4367891437937033	0.0028916087678680924	00757-00	2.464746235992503
-2.379739629531514	-0.8335963477891255	-0.18529539491805735	00706-20	2.5283152411809717
-1.015515605701239	-0.4458148641732578	-0.2136150435669606	00707-11	1.1294486377780484
-2.011645856456653	-0.005357429134619451	-0.5838378869700591	00555-04	2.0946633218987287
-1.019020987058184	-0.46873447356415454	0.2805513046973829	00554-21	1.1562114051244714
0.6072207808317671	0.25162607965683037	0.2497019406750951	00808-15	0.7031243274231913
2.545867374262343	0.8672931926353158	0.5562907518585689	00656-03	2.7464700198488186
1.6343656908309185	1.0262180812426323	1.4556214696751795	00451-06	2.4172522881598155
-0.43447902791604065	-0.20576379625128993	0.5074201138297667	00553-23	0.6989892255719136
-1.2351242303152503	-0.580993748214496	-0.1199043574508778	00757-03	1.3702053330475241
-1.4178907886316665	-0.6852621127543443	-0.3221690988289083	00503-19	1.6074176121665793
1.4350675569360192	1.20016579821106	0.31526358773203356	00809-18	1.897157865312104
-0.5819748050305407	0.14982960260488198	-0.3515941800469591	00706-13	0.6962485554383335
-1.3789724305640902	-0.4670699804197511	-0.2657761893856332	00707-20	1.4799852410444807
-0.6162632500106611	-0.6638211028536034	0.015774070283214314	00604-04	0.9059181371408659
1.5767187478836604	0.3574733819955327	0.6887161733554876	00452-12	1.7573159067750364
-0.308780219519349	0.5567018215315329	-0.7845314504365888	00708-09	1.0103225914464558
0.15043103118705403	-0.43326937976337376	0.30305227425060366	00656-21	0.5497204121305684
2.0082817003692526	0.6944541821286521	-0.10005533232629205	00657-04	2.1273159306132494
-1.6177103930488101	-0.08023862627680955	-0.5054019451642944	00555-01	1.6967192693845314
-0.5137699887420695	0.753505325913352	0.34026401166534015	00757-14	0.9734009837402074
2.2922626243357627	0.7705173345734693	1.2893034409253232	00451-04	2.7405233559644695
-1.5124317348695513	-0.16566863643379293	0.005264958690531785	00758-11	1.5214872886515898
0.20039468207323807	1.4617893492506937	-0.8209446671398837	00708-00	1.688471580066249
1.1767254619348932	0.8046753601432783	-0.6443329260405335	00453-05	1.5644008973302075
1.4165173489591325	0.42574007881489706	-0.9241450490853822	00606-23	1.74408144487594
1.7268172848728227	0.9932763673301679	-0.038288886425789315	00810-14	1.9924763276023856
1.7064820315019915	0.32706169286257136	-0.26666194442827873	00657-02	1.7578847707923193
-0.9635311662448203	-0.14025318157507627	-0.3471952364509434	00706-16	1.0337348767847883
-1.8369035577770774	-0.3728478584870345	-1.5984371717838712	00504-03	2.4633780867525945
1.394775822476504	0.385213832565114	-0.2853816083197671	00606-14	1.4748667580943333
0.9704960596593537	-0.3981079410567645	0.08927039546824744	00604-20	1.0527686061304475
1.2899795619982797	-0.0003174498584712637	-0.05396124115395651	00605-15	1.291107736284839
2.167450641041796	1.2338410818600778	0.4952763399123796	00502-00	2.542735682196469
-1.0919407339981717	-0.06449645793827585	-1.0966221903047426	00504-05	1.5488946342213925
2.92043993039988	1.633655079279606	0.2746669417576868	00452-00	3.3575646284211165
-0.99308553632045	-0.0099161338431486	0.11271780387437502	00758-22	0.9995111382418573
2.836662347536958	-0.4619162192774411	0.005524583057194832	00605-00	2.8740303388418513
-0.020920226465023006	-0.31760983937556375	-0.25001944080281646	00605-08	0.4047510181863318
0.4163941767949382	-0.3911278610947875	0.10720964598976934	00604-13	0.5812564170713036
0.3740406684296431	-0.4525628434174678	0.741273181641418	00655-13	0.9456243856321538
1.5338692068592081	1.2004249399003584	1.2371416790879266	00451-07	2.3074432418202986
1.0659991916072613	0.11195879944830267	0.04930610659175727	00656-23	1.0729958720463364
-1.4930284098543325	-0.18501679995029008	-0.06731290024276859	00758-09	1.505953543584627
0.1975652630633249	-0.4289898601423374	0.1719750513368581	00502-10	0.5026328198163525
1.6030057283835504	0.7678902204386304	0.35094588044921693	00808-00	1.8117521262247884
-1.5058968211819774	-0.13696582681836844	-0.40515238596526615	00708-14	1.5654498809017718
-0.9426974670766413	-0.4367006980791075	0.593470358996683	00553-17	1.1964919895858672
1.0862255262256895	0.8245791301488907	0.5461961035196055	00808-20	1.469063245473583
1.1307041101786126	0.05971526533494398	0.2879971352765551	00553-00	1.1683321649327016
-0.5426884166809032	-0.41256150474134756	-0.8097590242239221	00453-21	1.0585024280114568
1.1189272851768237	0.13448638195416152	0.2637403410242314	00657-11	1.157429835423243
1.1515059645291785	-0.3792142062681023	-0.031248847687948	00605-17	1.2127431265786028
-0.3694234682282058	0.3114258650074362	-0.2573502855816514	00706-10	0.5474385241854501
1.760009097412194	0.047556417995906486	1.282319013881306	00451-14	2.178126646737469
-0.16542960586002664	-1.2312810845999138	0.20532030370350185	00452-17	1.259196764172082
-0.80021831314275	-0.806964355873788	0.03145891161261716	00604-07	1.1368951066213966
1.5281375698750708	0.07148643754999284	-0.11212826670589493	00605-19	1.5339124784066867
-0.27245043999300833	-0.00836127304035017	-0.8077131394609296	00606-07	0.8524668138978022
1.6411310332985067	0.4447634020719988	0.14142305022301116	00657-10	1.7062022246534738
-0.7510534014768382	-0.8905071523275865	0.2520313894926858	00502-24	1.1918909436295462
-0.10702813994998905	0.25093087514324	0.43545092430508703	00808-07	0.5138470923528335
-2.273309298180493	-0.5081129229408816	0.02981594649941144	00554-08	2.3295928610637238
-1.3178869095620485	-0.6523942677505374	-0.09950402059075714	00503-13	1.473887796646167
0.1673565805999715	-0.5595403448348861	0.34596440353720936	00655-19	0.6788114547375546
1.992345115308126	1.006551718793844	-0.48224544130152935	00453-09	2.283669434650098
-1.4909302594601286	-0.103562981199957	-0.2877388546385191	00555-15	1.5219697691207785
-0.6358381793693297	-0.5105129944543023	0.1134037069803071	00604-06	0.8232703739399819
-1.019567718727103	-0.031169055410259716	0.5760648825373664	00757-19	1.17146941572469
-1.8934940313508832	-1.0322406239988595	-0.2167055332165546	00706-23	2.167441265806676
-0.9146644314803325	-0.2700568296139636	0.5592493305382504	00553-10	1.105577463203672
1.7997006389489343	0.23316809260836635	1.5140464727357994	00451-13	2.3633929996611953
0.8698704862445084	0.3259502676318107	0.2682336188934187	00452-02	0.9668854710425461
0.9219544468217009	-0.5368549343775157	0.824585520793562	00655-11	1.3483895964009012
1.9952543005010739	0.9165573185807716	0.20926972318193293	00810-18	2.2056542927105887
-0.3783334964871301	0.11997166635137546	-0.06231309953500386	00759-20	0.4017615681781451
-1.2241513021942865	0.004780371356105206	-0.02788202798592465	00757-10	1.2244781215272396
-0.09744223671077634	-0.6439718117245548	-0.15511852955523864	00657-21	0.6695195605823505
1.047092635309582	1.0961172284803524	0.24638228363482995	00809-19	1.535766972942226
-0.0747263187581666	0.09819474902099046	-0.031002703748754357	00759-19	0.12722970993512267
1.7076056235327997	0.16228271190573196	-0.1770627902474189	00605-20	1.7244140673847803
1.3924431101322625	1.317281759775824	0.4969606511820075	00808-21	1.9801764917340434
-0.6765562790217245	0.39862019962981776	-0.23795500225241994	00706-12	0.82051754724295
-0.6017799197441036	-0.3598900835671657	-0.4991333251227843	00503-02	0.8606939178972559
-1.0544420322582937	-0.42940751714638736	-0.4967231447380982	00503-08	1.2421645211860348
1.1074738841566614	0.019717460238439344	-0.5923237411129776	00657-23	1.256079056673333
-0.9563002047163991	-0.2677487404007479	-0.2752241612274702	00759-03	1.0305085193486652
-1.690368934990829	0.0691629635167601	-0.34263830663894623	00555-11	1.726131994107303
-0.45344249802201375	-0.1449766295754671	-0.10174326163087244	00759-15	0.48680592993799315
-2.1704681514020194	-0.4544271510546878	-0.6011321171972668	00555-24	2.297563025075101
-1.5435855681189423	-0.9280859852957519	-0.20305416679298105	00503-16	1.8125206197060095
-1.6032238480004253	-0.2335387675381071	-0.1269446820367648	00554-06	1.6251098470681677
-1.0145617318814857	-0.16061963355173248	0.3322234159986692	00553-03	1.0795862969760581
-0.5798439523466641	-0.3729463626157212	0.5959581534764311	00553-15	0.911303527457419
1.2406131582908984	0.14156183875763872	-0.02241638670102475	00452-24	1.248864787360782
1.1767057071338058	0.8484400294016723	-0.9087563133655294	00453-04	1.711819161527902
-1.1442655700927844	-0.19551909084714225	-0.4512618898140772	00759-04	1.2454752920006202
0.004496564356259114	0.2316588930011676	-0.35344479102946025	00503-07	0.42262191389396175
0.12269106296480459	-0.17253071682227983	-0.23790636712146807	00604-05	0.3184641026796868
-1.2108882703751078	0.008910095206601909	-0.6021896374252265	00555-21	1.3523912719885975
-2.257284668097327	-0.9089989641279317	-0.37054821078595523	00708-15	2.461487185855247
-2.2894416662234107	-0.9980606642743624	-0.23292773659431987	00706-21	2.5083706988973065
0.02354014909565194	-0.38886024043767975	0.7004847634050293	00655-20	0.8015268735203427
0.5298826923678917	-0.10249900985616023	-0.26735077476882907	00657-18	0.602294073905789
-0.9635672309691472	-0.4651131952433616	0.3739834368668653	00554-18	1.1334265322630277
0.7827642162221764	-0.12931405208530578	0.5757779130181007	00452-15	0.9802867679327916
-0.6514746227442174	-0.144533010934083	0.47975470888400196	00757-22	0.8218719827477791
-1.5542095599450931	-0.628074249414567	-0.26567367515303886	00707-19	1.6972410319903637
-0.6584404706391069	-0.10334902770091503	-0.36418779662290035	00759-02	0.7595114390917468
-0.5971573057411206	-1.195551672997567	0.1540512873634725	00502-16	1.3452406661061131
0.23490732874893183	0.7790705480225597	0.3347210827012077	00808-14	0.8798696352874095
-1.1931253918583025	-0.291112359397971	-0.1525471171078152	00757-04	1.2375642324458098
-2.9478031346022817	-0.20119022433505052	-0.46779089302049215	00555-06	2.9914627101690465
-0.08303199745864731	0.08804499231564478	-0.3220797306169061	00810-08	0.34406625255623885
0.5717283455619508	-0.2320881406405988	0.0024149615751412057	00605-01	0.6170445998341005
0.687337024719227	0.6703885692595577	0.6803078877467215	00809-23	1.1767208001366176
-0.13338542388351016	-0.49962282521846646	0.19154878681410992	00502-06	0.5514576833391872
-1.7037047704593533	-0.7945615937780985	-1.0694651112878546	00504-21	2.162797654764563
-1.6808960909606867	-0.008211190308202276	-0.6759891000419884	00555-02	1.8117506328490056
-1.8141652181077461	-0.3011608829136776	-1.4497189828359751	00504-04	2.3417041754210217
-0.29921891824960767	0.026204721603107828	-0.32261070153367655	00707-08	0.4407905548180595
0.12375980908154816	-0.4379291468787869	0.23484655124138953	00502-14	0.5121048043709978
0.2078162377188164	-1.0743470312742147	0.6318165416391821	00656-15	1.2635668856677982
1.2828380842026945	0.3328590269002234	-0.8787860754318899	00606-22	1.5901992480323925
-0.22042363059563286	0.3909714917747351	-0.675751467641021	00708-04	0.8112245868589756
-0.4970736611180655	-0.6696850336069247	0.07142911067444402	00502-05	0.8370557846799502
-0.4991257134281568	-0.12228505782502452	0.5736422109632713	00553-20	0.7701593986774857
1.4121311679325572	0.2478123789815072	0.3091322580810356	00810-21	1.4666588436338297
0.2377089617987167	-0.6936881726853699	0.5211777394097226	00655-15	0.8996305172120497
-0.3519795368465566	-0.1979956108962142	-0.13525514693355944	00810-07	0.4258941312872253
-0.5322556099335998	0.07713119820482461	-0.2832878815695494	00707-10	0.6078628791812042
-0.02707208584752152	-0.439373651488836	0.3124503193282635	00502-09	0.5398215496838771
2.1525624026442074	0.8463418821864934	0.36916424360060773	00452-10	2.342242881849273
2.8431534646920227	0.03059306983834631	-0.6176480616502431	00606-00	2.909629991557808
-0.5247798574646367	-0.39311753300160035	0.6327810687678266	00757-01	0.9112338747790392
-2.453113793295188	-1.2063293513296003	-0.15310259717671215	00503-15	2.7379624161037444
1.0402030834295601	-0.40472342429029595	0.23877889338996283	00604-21	1.1414196707934214
1.5910874712290024	0.532982525132411	0.47875199889631403	00452-11	1.7449450391475483
0.7527527742199709	-0.45218553863969646	0.9261927443440072	00655-10	1.2762999256155343
-0.006768469312874004	-0.7541108230602731	0.25250865581483595	00502-15	0.7952921267653146
0.14433932648557857	0.35228134562646574	0.12009820168555052	00808-10	0.3991986544250958
-0.781419163891087	0.16725815850941217	-0.4634469708914821	00708-11	0.9237826021920392
-0.2455895096381937	-0.6570797266793988	0.0494117689183895	00604-03	0.7032136925323954
-2.246213279313224	-0.5421481659802794	-0.9185123358358851	00555-23	2.486576691180375
-1.0907475441313181	-0.02954235541074013	-0.36206375525716794	00708-12	1.1496491285007957
-0.7944320675617291	-0.09826335645618656	-0.1461036413650163	00706-04	0.813710188711286
0.22561086001542208	-0.19071751922217572	0.213796863810785	00604-02	0.3646676997904897
-0.24974813663357054	0.3595365393924794	-0.8996284116883544	00708-03	1.0004858489889659
1.6480610208272992	0.6985690574150567	0.31891426949550805	00810-19	1.8181887051777474
-0.7767417968966583	0.2883801970422155	0.16564299109290914	00758-15	0.844942931558435
-0.5372426459455255	-0.6840985007096378	0.40981624152914264	00502-01	0.9615455117241181
1.1537921131705389	1.0976627425302468	0.3070269701711368	00809-14	1.6218400960532542
-1.1306663861755624	-0.5434594879752694	0.7449919498853887	00757-21	1.4590297109009402
0.25535570412762354	-0.46242029637585347	0.2714971279033307	00502-12	0.5939274001008912
2.7307595398212925	0.9103050133292072	0.7658550170929175	00656-07	2.978630018787778
0.9393043815612145	0.4132000382479646	-1.0378470907044175	00453-24	1.4595045654302827
0.10308627028416595	0.35292186572917217	0.07296252114269919	00554-01	0.37483883459742906
-1.183150596773885	-0.41667261260192845	-0.07839212242129179	00759-10	1.256824063103755
2.275188496843839	0.8847485801072708	1.3225893482740503	00451-05	2.7764195162727727
0.43892292169562097	0.9313331532374605	0.03592013079583012	00808-13	1.0302063042446599
0.38355477636469004	0.4769604804901064	0.1552808694111718	00809-03	0.6314409828531958
