x	y	z	feature_id
1505.055410271678	736.5466352216893	1310.977938105673	00606-12
1416.0222210960208	890.9994103952827	1347.1106298627453	00708-20
1428.3457884332238	873.967716284548	1177.042858421411	00706-14
1361.0150112830538	978.0768563938534	1244.2754475980023	00809-12
1341.7854586701405	1005.0623485146548	1191.4774707098657	00808-17
1591.1282835248114	529.309066373773	1288.11034895575	00452-05
1490.7352457032832	769.8605880091022	1347.0404631848735	00606-20
1424.3318735933806	879.8250737927947	1364.9877692585865	00708-23
1562.6238767256038	602.0593761101469	1231.5151761543593	00502-03
1586.8954708029703	539.5112035067907	1299.1277001783396	00452-03
1454.5686519402955	830.381727482923	1258.5091098111939	00656-17
1352.0799869907164	989.0716207962569	1369.2365658986341	00810-24
1483.4891565222654	783.7102535035995	1340.0861785104264	00657-07
1587.408483860861	539.5432904904885	1232.9951139979905	00451-03
1559.6451774505533	608.5904181829776	1234.7683344325437	00502-02
1464.1497017573822	815.1721998835844	1235.891239043236	00655-24
1519.838994024531	704.6553819326298	1221.3999104838963	00553-21
1378.6330865783648	950.7414094670743	1198.6749571372775	00757-18
1520.946064944424	699.8954437029354	1185.6236183997069	00553-16
1508.3829768222067	729.7512978693359	1298.3464012768613	00605-03
1589.6519919194957	533.6313037540158	1186.4785952857103	00451-10
1577.2804589596903	567.1313917806887	1181.4545603374022	00451-15
1368.3241784446968	966.5624104082126	1227.4233058656025	00808-04
1394.5111838618739	926.5805593859196	1303.1357633835453	00758-01
1445.8181659653396	845.0834723529116	1257.8102176653329	00707-09
1452.617243681056	833.1250501839882	1347.5559558526556	00657-20
1402.9126804006166	914.6910414354161	1180.0073066082928	00757-11
1566.3215806021722	590.0815877223661	1331.182170943896	00504-08
1584.6148105941234	546.2180815498275	1311.0049181067352	00453-12
1369.043932909105	966.6255195835395	1318.8120370052939	00810-10
1352.190726570862	990.0684615068561	1235.314292221093	00808-24
1570.730509383681	579.5625389612055	1331.3203187721376	00453-18
1339.5976374001343	1008.4248638663208	1206.4305035651796	00808-19
1548.1114307021594	635.2027972676215	1293.5697782642042	00503-22
1340.2318992736543	1007.5930467620865	1198.628393798098	00808-18
1380.5153473501514	948.3741897530009	1287.9174928067803	00758-21
1365.281414238211	971.6457430335009	1314.0255788126494	00810-11
1512.676223680095	720.193049999158	1324.2809263464032	00606-09
1576.2194514715297	566.8635990943272	1314.0198223893342	00453-15
1467.9422427065142	808.943137411951	1303.5491827494286	00656-01
1534.7915149695784	667.4027290466253	1365.008637317811	00555-03
1522.9609745087769	693.9422196658314	1298.9167885753027	00554-23
1398.531712965091	919.9291432361487	1301.901334451841	00758-02
1520.7441019294808	700.2017683833081	1318.6863621500165	00555-16
1544.1149756085897	642.3079794420318	1346.6829076710926	00504-20
1574.553997542438	572.4007526441006	1186.1767843375878	00451-16
1510.6551028849753	723.6836087026948	1184.9785977733377	00604-10
1499.3673663061245	750.6030822176479	1367.8863962401176	00606-24
1572.0074743602734	576.8639629321195	1324.5849577169583	00453-17
1550.2532747788607	629.4132646999817	1298.2081915326587	00503-23
1495.7866523350035	756.6000475872792	1231.7551237008204	00604-23
1544.8747243038256	643.0346492182919	1205.7838279912517	00502-19
1532.84483292092	673.7532256185559	1235.2586006467066	00553-02
1502.5488910357153	743.6156091288656	1235.9584670328702	00604-01
1432.6475221503772	867.3640004028675	1369.2524239062525	00708-01
1420.228107349283	884.4320443905985	1226.7962613882114	00706-22
1446.5232766599538	876.1923105108781	1272.8008496322159	00707-00
1475.270771878163	795.3801905220234	1248.0243285629913	00656-11
1417.9971461507748	888.6801308001137	1354.3248748064104	00708-21
1454.5254241313964	830.5131496983691	1324.8191518914273	00657-17
1555.8734988413353	616.4776330350895	1309.9466797715115	00504-13
1572.2331809730692	579.8414993527383	1214.7075149186683	00451-20
1546.054459743448	687.3213751376734	1272.8010046624597	00554-00
1427.6131087194356	873.0264440146536	1301.700597172604	00707-24
1409.7567287911709	902.4745969725318	1264.6887968056342	00758-08
1478.7136728441537	790.1695595772673	1252.7628396990026	00656-10
1592.1393613235582	526.3894767088868	1199.7400795918636	00451-08
1379.9814324093165	948.1899060162148	1258.2761246955174	00758-17
1479.814273916399	791.1737523435311	1294.9362424062467	00656-04
1408.9778630545516	905.294562568131	1354.4294866463829	00759-05
1371.8439306055252	963.5354752291021	1287.8601261345686	00809-05
1457.4301913628458	827.0112791058256	1294.3542653485401	00656-22
1410.2669006430979	901.8849296834422	1272.674344488805	00758-07
1352.2054463341021	990.4235731447035	1302.2678455913986	00809-24
1452.7070175878673	832.9498883101759	1281.090896588633	00656-20
1520.7664069183572	699.8287840497302	1252.3611898317479	00554-16
1424.608055328543	879.9896180061162	1179.8890419967556	00706-15
1512.4628610043774	719.4677635722466	1190.9303472937584	00604-09
1561.917663806993	603.0644818167508	1313.275427583667	00504-11
1526.003364755717	687.9944568827028	1310.6936552270174	00555-14
1545.7639912205113	639.4546988544023	1257.9008912798276	00503-17
1348.0790902789813	996.443618381006	1232.1990204370913	00808-23
1365.3381121612163	971.1991451479729	1365.643139353972	00810-03
1432.279902145207	866.8759826019295	1243.043650443793	00707-13
1511.2712365570753	724.0972038570176	1251.6140867983024	00605-10
1378.626579003879	952.0087894004812	1273.1257093198444	00758-19
1585.1171996777762	546.3009048658839	1236.0453809050264	00451-02
1424.4170053758025	879.6337729314233	1298.547226842466	00707-23
1564.2230124479013	596.211708426627	1226.9744834419428	00502-04
1467.8999792161553	808.3323951566184	1243.8515843146072	00656-13
1457.5248718622927	827.2148480159382	1360.6001699607746	00657-22
1490.7708263112152	766.3185432319592	1324.6696969609338	00606-17
1447.4883096254277	842.3945008795054	1213.4379043617735	00706-06
1489.2431846501368	769.7381101929783	1206.1138509441978	00604-19
1452.3035178577268	833.0201195493244	1198.6398767857595	00655-18
1529.7859867068203	681.0007105889426	1243.6820403352049	00554-13
1544.8277919298662	642.4777471438708	1331.527919048864	00504-18
1356.5925135901175	983.2210440191172	1310.7619586237063	00810-13
1538.591777562161	657.3361926950321	1354.4213370360308	00555-05
1432.04914040019	867.2333948848241	1309.7101072817477	00708-13
1572.209549050804	576.7076180128296	1287.8984261737241	00452-21
1592.5185530161616	526.9642796018693	1331.7869392719	00453-08
1517.637893665906	707.3254383861022	1331.727271988725	00555-18
1581.9375215081384	553.6385197508802	1369.1251201992204	00453-01
1586.4920435955723	539.5284003158483	1364.6516268598978	00453-03
1590.913031788127	529.2781122697315	1258.4498006595843	00452-09
1550.6498686618766	629.97212716606	1313.482149740404	00504-15
1460.8151334398392	821.6598722428336	1232.5780508320515	00655-23
1518.5918793275723	704.2762123074698	1324.9263231015134	00555-17
1597.5701146118076	559.8412106561004	1207.7253953475215	00451-00
1361.5767971541168	977.077660055276	1368.820505037826	00810-02
1432.1652749453933	866.8799844260827	1302.6818141688414	00707-01
1592.336924537387	526.7342033283163	1265.510638005034	00452-08
1344.696201050471	1001.6387423162693	1252.2157018878854	00809-16
1456.9684252050702	826.4977241237754	1318.821946977656	00657-16
1579.1497963879726	560.6049140985288	1311.060257978192	00453-14
1479.917927857582	785.4570484764572	1191.7190004794081	00655-09
1541.1727394787952	654.5810249349722	1214.0747907668592	00553-06
1370.7181444055093	962.6384464729056	1257.956609695881	00809-09
1582.4368749039354	553.6321800727641	1309.8965317027735	00453-13
1471.2523250391043	801.5407411516798	1177.9983106649217	00655-12
1379.0863437811417	951.0179639707185	1280.850979941895	00758-20
1361.314405749707	977.8153557055596	1177.463234307102	00808-12
1495.6312537378951	756.3699876918365	1180.4742205745445	00604-15
1572.459877602447	623.591371775341	1338.713816602763	00504-00
1379.329918537832	950.7251267691519	1332.3356325585212	00759-18
1591.6226909657887	526.1583630551729	1339.3986491304263	00453-07
1371.2832986026372	962.7240470156783	1220.880536001276	00808-05
1380.7215357855318	948.5516869553364	1191.3804380789038	00757-17
1585.4394363287308	546.3127849162992	1178.9500221190237	00451-12
1492.310248549809	767.2729479378074	1354.1365183426713	00606-21
1345.3231942777072	1001.1257527530665	1319.2749197578316	00810-16
1574.210286924344	572.5605168593801	1252.3309352986707	00452-16
1356.7682145137355	983.913465925984	1303.3656541248067	00809-01
1508.5086422471902	729.4857887080589	1180.122746423833	00604-11
1402.8840608605813	913.9741453174487	1314.1453835092307	00759-11
1386.352310631664	938.8693505214816	1232.3500619565812	00757-23
1373.0336050718363	959.5084248654346	1272.8518322809732	00809-07
1540.492845450159	654.0815302543173	1198.7072462988099	00553-08
1523.314172232994	694.1508942046066	1247.5992232284877	00554-15
1418.342944671676	889.0377840144755	1190.8990845688672	00706-17
1399.199131641593	920.7229027526921	1177.2648820334753	00757-12
1410.8635192234167	902.979411707701	1347.420663549112	00759-06
1468.40595064419	809.1388604695218	1309.8333330024786	00657-13
1579.2574808386858	560.2812399307577	1235.9103259249944	00451-24
1408.3480596303866	935.469960387853	1272.9330946975576	00758-00
1552.5388522398937	622.6916581641158	1244.0601922773392	00503-14
1534.6422209445054	666.9155444302867	1247.480201649018	00554-11
1544.6288769703287	642.2264075705933	1264.9460513528236	00503-18
1432.157183007149	866.7832067812018	1236.007788116419	00706-01
1512.1625424435097	719.1813594702944	1257.8106865741474	00605-09
1574.0618340175356	572.7229322332008	1318.684467062715	00453-16
1395.1143234115825	926.8632205063216	1369.8435762958902	00759-01
1550.0814503949	629.8800173519355	1364.3656601922382	00504-23
1348.1479881516875	995.1265523087535	1366.2487731537083	00810-23
1548.192699356685	634.8452007098364	1227.2192247208927	00502-22
1364.6573011649964	971.4793923906457	1247.287143041499	00809-11
1571.5948984359663	580.6739239348633	1206.6831108202236	00451-19
1537.2279980117905	661.7321767356441	1318.6277068458521	00555-10
1508.241264600677	729.7862170734292	1364.7290577847257	00606-03
1481.9481592255368	787.1267813452025	1288.6650073468475	00656-05
1489.6490294221705	768.8755137456554	1265.102281882959	00605-18
1368.437564209195	966.5504739031221	1251.944451213195	00809-10
1558.8090563195287	609.5487613140652	1310.7759576212115	00504-12
1574.7151794476977	572.7723571867365	1227.8260421420048	00451-22
1428.10764016492	873.4666526560034	1243.8536027813577	00707-14
1526.5157722828494	687.8157193102251	1244.6320771675723	00554-14
1567.7498661673458	588.0933957115569	1206.1218484711924	00502-07
1482.3768979386045	817.5748409427518	1206.5982923314575	00655-00
1344.1587623273078	1000.8021078876845	1294.8444770968786	00809-22
1476.3486408074775	796.4570366177668	1232.4631621008136	00655-03
1589.5079366158645	533.8969898773872	1294.563854138938	00452-04
1408.348006422611	904.9229291547081	1325.0062353480084	00759-09
1447.86266700595	842.9884309774645	1331.5651133518195	00708-08
1383.3826456122229	944.2565982891706	1318.8919746101335	00759-16
1510.3096079067323	724.1060523273351	1318.340171935806	00606-10
1513.0782837203562	719.9707152329997	1287.8507339924236	00605-05
1454.0114942533899	830.5929233685431	1191.5812567847083	00655-17
1545.4223717448297	642.0353081493579	1198.2446506720232	00502-18
1481.211304576449	786.8419169247964	1325.2503234353724	00657-09
1579.97222074681	560.5342901378767	1244.8871197111532	00452-14
1452.0822675982597	833.8438157125871	1273.182318547355	00656-19
1571.2895722112191	579.5385739723494	1265.4964399305352	00452-18
1555.4953794465757	616.3068043373394	1368.5469277076588	00504-01
1457.4096308096064	827.0573514604176	1227.6695564394483	00655-22
1548.2316883414885	635.8641130242632	1318.2403203974	00504-16
1381.0480411641486	948.4405355485471	1325.1225005173715	00759-17
1545.1691939303462	643.9681881959043	1339.0350697546135	00504-19
1514.7087250167615	716.3674554895827	1272.738207234001	00605-07
1565.1373048848116	592.8022125091409	1324.2790605227929	00504-09
1411.6301536420615	902.704061227676	1339.6514030607186	00759-07
1499.466088512061	750.376516552415	1244.0931212643236	00605-14
1558.5811080059157	609.1355490831863	1367.2653025278778	00504-02
1572.7636278094308	623.3349136532667	1272.605067111607	00503-00
1372.7687496626047	960.5687157728643	1280.4906871510166	00809-06
1560.7517205165225	601.8013566633638	1247.3029997643978	00503-11
1472.2927901679905	802.3566795164872	1235.602084111658	00655-02
1394.6848068192664	926.523937802694	1310.256513116629	00759-13
1423.9709996390595	879.3914972371336	1247.0021729050127	00707-15
1546.5203784628848	639.9315120064584	1324.0429700310472	00504-17
1565.2513168555643	591.875970167998	1257.8769663739952	00503-09
1427.9622432595643	873.1654600046039	1234.7719584763265	00706-24
1482.9445449610114	784.3701951461472	1347.7520602730294	00657-06
1483.0941314333847	818.2462941215279	1339.899727897584	00657-00
1372.7878549871941	960.3743032626924	1198.2575835114812	00808-08
1563.6576234194258	596.9950744832211	1318.0152650185455	00504-10
1479.6236199583839	791.0372644690234	1227.7444278197288	00655-04
1502.1155119125992	743.2986864848997	1309.9053630122419	00606-13
1566.9926387092041	592.6524693142527	1287.4519255856671	00503-05
1540.6201056708749	653.4221363251262	1273.0238611970929	00554-07
1446.0362572822478	844.9948492018176	1220.8119707606056	00706-05
1499.2788393086253	750.1711117000679	1301.7235832549247	00605-24
1513.7441988891778	717.2256943204686	1346.864754023906	00606-06
1513.197336487122	720.2054566488273	1354.0055530171344	00606-05
1406.1885335908971	909.2479313375668	1251.6826892674983	00758-10
1409.735503365264	901.9715855896281	1213.812077519433	00757-06
1448.2793024587684	841.9031725132938	1205.5701406129097	00706-07
1370.1389062151547	992.7390696662269	1273.6035919387455	00809-00
1471.7781938537948	801.5812105586423	1245.0079387334188	00656-12
1390.3174050677771	933.1411249437277	1301.8760428384674	00758-24
1464.2831570297062	815.640771045905	1311.2246336151545	00657-14
1527.1134367969228	687.9632480005178	1177.9872674267103	00553-14
1591.1195265514007	526.7199678709528	1347.1881606468235	00453-06
1482.9929651940845	782.88605526356	1207.1615904732791	00655-07
1575.9827210601493	567.0838288160955	1364.703905729682	00453-23
1427.9322717207338	873.5997002621177	1368.0881387006891	00708-24
1410.3746153097175	903.0412199831019	1280.4187727481112	00758-06
1546.4011689757824	639.3464917738714	1221.092473671687	00502-21
1557.1456443697512	615.9655662634627	1176.382269554351	00502-13
1408.7698923091605	905.6326545156301	1191.0466902209153	00757-09
1440.7625620912243	854.9928691395031	1179.8853713653002	00706-11
1529.8139654747463	680.7676882064625	1176.757765553499	00553-13
1356.478534315647	982.9558446076012	1370.2900529365297	00810-01
1541.3942216112296	653.5194852855442	1206.5554584902236	00553-07
1571.710726120628	579.547822984915	1199.2831330919234	00451-18
1518.2566528277832	707.1570355670665	1281.222748898403	00554-20
1502.4371309668397	743.1798477792403	1243.090133050773	00605-13
1533.228788803652	673.9277991059726	1177.8834138015322	00553-12
1556.1771142057796	615.8844120065316	1302.5468790695907	00503-01
1537.375543647236	661.5150892272511	1252.070521365693	00554-10
1369.9490689717875	992.1068570741808	1340.0919286166522	00810-00
1348.5441406266214	996.2748257369135	1314.3290090170751	00810-15
1482.696540340436	784.244181304831	1332.4757210403932	00657-08
1521.4841805585254	700.0690613647221	1227.5086525669835	00553-22
1378.2789840740897	950.3098422632604	1214.4260702989989	00757-20
1481.770690580809	817.5264901200029	1273.4190998598551	00656-00
1445.6556429244865	875.6902332266807	1205.8776670185835	00706-00
1582.5562651472983	553.5313377534387	1243.8730104515273	00452-13
1447.4451312665824	842.5950190711476	1280.307963668917	00707-06
1443.7194410097254	849.7561112075052	1318.3169103650657	00708-10
1420.4432358389743	884.2716625286239	1252.1216959006617	00707-16
1508.5812683270792	730.1790701377975	1313.7017361590238	00606-11
1443.0656401036952	849.1123573083149	1293.5817813647964	00707-04
1520.3800127481059	700.0320371756759	1360.365973880328	00555-22
1567.2245441853581	589.6879315818759	1280.2738557353932	00503-06
1571.4263156167435	580.8024057718372	1272.983038409671	00452-19
1502.3601563403047	743.4173591579365	1369.0640987696538	00606-01
1493.267273588913	761.9913342101183	1294.0647108710043	00605-22
1535.3840703403826	667.0122986315108	1180.8267203192972	00553-11
1418.1700290070617	888.2623576620089	1258.0348451085492	00707-17
1514.6000324303122	717.3012030735987	1280.569071201569	00605-06
1510.8549866885637	724.08902528581	1293.8095089512074	00605-04
1540.4531532687313	653.9311995132067	1339.7260991819257	00555-07
1471.7285712968096	802.2233912779132	1311.3814065514168	00657-12
1356.5506633303892	983.9885704651996	1236.4127798517127	00808-01
1513.792630383879	716.8516143793995	1198.1405763051307	00604-08
1540.098357047622	654.949567081825	1331.6696839961603	00555-08
1454.7350269012907	830.8581080453916	1221.6261621037106	00655-21
1490.4819049757018	770.8449364825553	1339.263168644869	00606-19
1416.238801889564	891.3776496227216	1331.7130122760593	00708-18
1539.4297711513427	656.9916498381846	1221.3387731551413	00553-05
1390.3345383792084	932.6542307422509	1235.5614872111778	00757-24
1483.204511894696	784.3899821171481	1281.2829331732673	00656-06
1481.7391026670614	787.087535442716	1354.9090745144624	00657-05
1520.738057514592	699.6832253384289	1294.3224174712702	00554-22
1398.5051238190067	920.3284577271066	1244.2176755184212	00758-12
1589.5446304600212	533.8912383516442	1318.570116952202	00453-10
1526.6108749226357	687.7509988421767	1235.2986853275283	00553-24
1378.6246016603961	950.6902963417724	1265.3306600999715	00758-18
1416.399245676976	891.2243330500197	1197.9029760530452	00706-18
1532.0013504138167	673.9265865933788	1310.8879487218856	00555-12
1505.1171695730716	736.2005685755302	1367.9279843123295	00606-02
1591.559731677891	529.4924228656422	1192.8295546068555	00451-09
1546.8596373340001	639.6673147050947	1287.5207761152171	00503-21
1592.3349231519896	526.8771919746137	1280.8557699808357	00452-06
1498.7226987004203	749.8059298243703	1177.5753560504618	00604-14
1529.4851347487331	681.0582995621681	1309.666264700866	00555-13
1481.3641949760124	786.532310498564	1222.0441149184394	00655-05
1545.5667986147598	687.523993199947	1339.721090439806	00555-00
1347.9532979854766	996.2664962285982	1247.5350740095498	00809-15
1552.6094681399586	623.4296779417247	1367.348765494743	00504-24
1340.271340899123	1007.70672737326	1281.027009272142	00809-20
1582.9586022936273	553.6852444004392	1237.1948550821548	00451-01
1361.1845408812233	977.7621528880868	1235.1533370038935	00808-02
1492.9473763182557	761.6889835043519	1185.0853727028782	00604-16
1402.743694015162	914.2419969527452	1298.628681446359	00758-03
1537.801905429495	661.5713730186529	1294.0274973291637	00554-04
1398.7685043219822	920.0021778973723	1311.193891105653	00759-12
1398.8037346431156	919.6490406633836	1235.2131980662316	00757-02
1446.973600058152	845.9567007365802	1354.1237569205039	00708-05
1550.8799784103944	629.4108086259027	1231.6923498231208	00502-23
1456.6185057815587	826.5665888460439	1185.4640305633689	00655-16
1448.0019923823954	843.1712968079597	1347.0111573016497	00708-06
1416.7806000019364	891.1137176529398	1265.1701010563152	00707-18
1383.0870864454023	944.2722127158833	1360.7456845058155	00759-22
1472.451704057287	802.5708521355357	1302.539768655994	00656-02
1566.3325522874097	589.6492290904149	1346.5178680887318	00504-06
1365.298574722277	971.9943800222723	1180.272351137392	00808-11
1446.1074592544471	845.5178398004432	1190.7026729513877	00706-09
1513.4534168640819	717.1937114501944	1331.4318433781893	00606-08
1356.4586590943754	983.8032504062865	1243.6863739412445	00809-13
1475.7525991618002	796.0265996276962	1365.5677885803202	00657-03
1408.3786228884862	935.2586281608109	1340.0817584216177	00759-00
1453.069950145203	833.1127592938366	1265.5230778747991	00656-18
1493.5227399289674	762.0951205368735	1251.9079072093841	00605-16
1445.4094057595698	845.0009374359265	1287.504879624644	00707-05
1344.9302980153407	1000.5701163491583	1361.36108633673	00810-22
1416.1916321491863	892.4245388456748	1339.315575578909	00708-19
1342.0937608605427	1005.1497920226268	1258.5223261726887	00809-17
1562.355019128358	602.6082036811712	1297.9994367605061	00503-03
1508.5921767739221	729.6608502867086	1246.9493785490743	00605-11
1505.2095361586187	735.900272267802	1177.3698666774046	00604-12
1368.4682398136727	966.6072167180066	1294.060540226145	00809-04
1490.142967155084	769.5793489421745	1331.6716637244629	00606-18
1372.0812323807716	959.8474810818385	1265.2900198243844	00809-08
1526.5101688405025	687.9561147888085	1301.9409682898008	00554-24
1390.7444883110156	933.6654712156496	1244.2870525017554	00758-14
1597.423028162253	559.740173708962	1339.7631926454537	00453-00
1468.3605166950001	808.8791254340355	1236.9155612533273	00655-01
1481.9942325956288	783.5230792263532	1199.2823947125823	00655-08
1390.6933574680884	933.1396814104874	1311.1839256351075	00759-14
1539.024858894518	657.5580044402302	1324.6735759094306	00555-09
1570.1489820574964	580.8706467523799	1338.7970094668526	00453-19
1565.2735092113787	597.1303241787352	1293.550963068698	00503-04
1546.2457491699006	642.4115452051693	1213.6719455406355	00502-20
1483.0690861849064	784.3041959301814	1214.7357001989792	00655-06
1548.088622269292	635.5711509567086	1359.9657201247646	00504-22
1394.8721456378858	927.5233813374596	1176.39340808183	00757-13
1545.563176461263	642.5512063211652	1280.2857944095722	00503-20
1340.4031778685994	1006.8963793276756	1347.962110823128	00810-20
1452.8899369410103	834.6491950580009	1339.6156358706005	00657-19
1386.536116400714	939.4947850602048	1180.3494134699165	00757-15
1341.7737762375357	1005.0537528259208	1288.4716578823743	00809-21
1584.3238577932416	546.2464268540886	1367.7731302472898	00453-02
1546.758209380007	639.196386393107	1191.2613021752122	00502-17
1364.5876945433304	971.5626756635224	1232.0857784240295	00808-03
1570.444623694936	579.7152915075567	1346.7444002211387	00453-20
1372.9642322422278	960.3184674765772	1213.7481259897004	00808-06
1440.0122513181564	854.0734297054954	1231.5996753203297	00706-03
1518.558550536778	703.9283281209392	1258.7149342894315	00554-17
1572.570576399354	577.0210982303133	1221.8426753759788	00451-21
1517.8208067458993	708.5352414596236	1339.3577055961107	00555-19
1371.6183540356724	962.4468158008339	1354.7251085786438	00810-05
1344.8438066239721	1001.629296161484	1227.592351919263	00808-22
1447.4915632064276	842.7380890185814	1197.8498993583016	00706-08
1463.94144726593	814.8953144065014	1244.839430892207	00656-14
1372.6901259420076	959.888003894257	1347.6624171004705	00810-06
1394.3732926789298	926.5639145222344	1243.218622615701	00758-13
1439.73879627787	853.9707587522204	1298.4910169250318	00707-03
1572.996028732482	576.9189042985005	1192.296333437242	00451-17
1517.8471202489945	707.4050415824039	1347.265671917118	00555-20
1386.1997993580687	939.095003808941	1298.7365735830906	00758-23
1495.967721294092	756.5735334359512	1298.777278016239	00605-23
1436.6561708251322	860.635816160499	1244.1815568925008	00707-12
1360.8991690352627	976.9803253287457	1311.6264288601903	00810-12
1498.8955870444634	750.2970749659087	1234.8983421244689	00604-24
1464.2701426443164	815.7026037915703	1302.197420550168	00656-24
1448.0894471751483	841.7137996048514	1272.8056476158351	00707-07
1529.7027220565014	680.8952714221268	1236.6292184480808	00553-01
1538.0688367118237	661.6357506635334	1227.3973630982064	00553-04
1489.2042178794215	768.5724178968989	1198.3136018165994	00604-18
1342.7746247892792	1005.0875577986963	1325.394485419954	00810-17
1539.6541686251635	656.8152057986753	1191.4832764503158	00553-09
1517.878912953844	708.1825605166553	1273.192610628422	00554-19
1511.0607785140053	724.2881927281304	1359.975718973566	00606-04
1592.3557692879926	525.6172651511547	1273.3370719503146	00452-07
1436.4737552134718	860.2401611396493	1234.8050914608993	00706-02
1464.0509637969906	815.4225421893008	1368.4089006377997	00657-24
1415.4147446524871	891.9185530327125	1205.57217519965	00706-19
1495.6350326700403	756.6682641274475	1313.8949107681706	00606-15
1539.3176375406133	657.188849125504	1258.3004532831678	00554-09
1386.5821855607749	939.0101799377677	1365.6715388817424	00759-23
1371.2322825901233	962.4689571592834	1324.8988763860505	00810-09
1577.0387651062754	567.1734542443554	1232.562837673501	00451-23
1382.9663203429036	944.5008243573176	1251.950988424423	00758-16
1567.5801378737629	589.1634508183502	1198.403572889081	00502-08
1419.9446285383183	884.5251977799828	1318.6406022091599	00708-16
1460.3133745691098	821.5460217607601	1314.0807585897758	00657-15
1573.815406582395	572.3515099886931	1293.8792112946285	00452-22
1408.7784887989164	905.4122485026812	1287.6371110050702	00758-05
1416.8373238369868	887.8210066670622	1324.4495023199136	00708-17
1517.6507498735077	707.8081504844552	1206.527990903588	00553-19
1490.4176668857745	765.5480586984158	1190.9829066777297	00604-17
1481.5713102096547	786.5681566914146	1258.90421535369	00656-09
1380.6082699239425	948.2455420055657	1354.804786793496	00759-21
1533.2691349775544	674.1128928196205	1301.5647377113971	00554-02
1575.8250276552621	566.5905017047977	1298.9504444214076	00452-23
1573.6363419009936	572.8602502460938	1360.062074244569	00453-22
1408.3388236689184	904.594313010208	1221.049833482184	00757-05
1553.0228262476185	622.8901530911328	1301.328343278471	00503-24
1582.09689954835	553.3524009434598	1303.0112988925894	00452-01
1562.7111973729036	602.121708583244	1180.2985932807333	00502-11
1436.593784246884	860.7252607693276	1368.0905880877108	00708-02
1553.121601550538	623.5575945292908	1310.87474738016	00504-14
1587.4556827412584	539.4815527573697	1181.576494131399	00451-11
1493.338832725268	761.9561660773878	1227.1778804018807	00604-22
1532.82693638848	673.9601163091878	1244.5797315757259	00554-12
1558.5813589670136	608.7072382687277	1244.1972077782498	00503-12
1517.7453532806492	706.7108173623816	1198.718113132954	00553-18
1418.055693284864	888.4327821040285	1287.6583543964964	00707-21
1383.3138031113967	944.6470773372721	1185.0311244761497	00757-16
1538.8187174187851	656.8607120867689	1287.9289965309033	00554-05
1468.3180562193963	809.0627733433039	1369.764997156827	00657-01
1563.3828153978527	596.2243479008274	1251.6560758271557	00503-10
1448.8825221073996	842.6731792456138	1339.204030190446	00708-07
1463.5312831519657	815.122019736382	1178.0119214582423	00655-14
1517.1950435406018	749.4737677868391	1206.4423546746204	00604-00
1565.8390682739719	588.8028933448628	1338.668072578316	00504-07
1371.279465296396	962.5789120357156	1191.1828793056543	00808-09
1410.3421461211253	902.9557371552795	1331.9933864380075	00759-08
1571.6207420550384	579.6722482547308	1280.8821768439786	00452-20
1587.7256731360474	539.7119410008322	1313.7611599875459	00453-11
1410.314052154391	901.3983262528486	1205.7779081565282	00757-07
1505.2289179429745	735.720037136033	1244.3578953628987	00605-12
1344.1278981742998	1000.8597241694933	1185.1545636592105	00808-16
1456.5202773450158	825.924830786737	1252.5580913185852	00656-16
1420.7962171908175	884.9410253095211	1360.32144358776	00708-22
1420.7237990478052	884.4809198054315	1293.811903101466	00707-22
1406.3698983218017	909.3151305637136	1293.7946222776368	00758-04
1368.8063884468345	966.0014268258361	1360.9995701330824	00810-04
1491.8475281761855	766.6226124907963	1287.6259156320111	00605-21
1535.3498696244465	666.9979192457776	1298.6238577523782	00554-03
1436.246126524225	860.2405413412848	1301.5464308111043	00707-02
1390.726267872434	933.1748643583137	1368.5711158823128	00759-24
1409.790061343981	902.4181212490997	1198.225470143985	00757-08
1505.6120313177357	736.1381713544661	1301.3081740525674	00605-02
1482.8790578565745	783.8803122035588	1266.1734164512793	00656-08
1361.0738552209677	977.3483987371814	1302.3289620488567	00809-02
1410.0026488965154	936.4367891437937	1206.0028916087679	00757-00
1415.8848181672283	891.0275378245935	1213.527512149137	00706-20
1439.8650571298965	854.0407391921416	1246.9788279236568	00707-11
1536.8499031579602	661.6447644356798	1360.487944192389	00555-04
1518.7850100030994	704.0122575942432	1288.1805513046975	00554-21
1347.7169351571222	995.5083063771118	1180.4421449078989	00808-15
1476.6042544893762	796.5767230595377	1299.3638477846348	00656-03
1591.981005981552	526.9030357481607	1215.1684290137302	00451-06
1523.8037220825913	694.3096406939435	1232.314977146606	00553-23
1402.5117640007852	913.7085972678651	1231.6876526753254	00757-03
1544.665385678942	643.5002486636201	1272.677830901171	00503-19
1340.3939009714038	1007.6971738736635	1265.602456043677	00809-18
1432.5846964038817	867.3841569247336	1175.848405819953	00706-13
1416.8855853661958	891.3940641919629	1280.4470313546694	00707-20
1510.2895383146358	723.7968457192433	1227.0875561496423	00604-04
1584.9650642435186	546.1240405079861	1244.9041265499413	00452-12
1446.2187603581951	845.7112381639023	1324.3154685495633	00708-09
1454.554108435837	830.9244084914117	1288.2030522742507	00656-21
1479.0465721555036	790.9991574029153	1360.9717267470328	00657-04
1528.677679746558	680.8219200692606	1369.2945980548357	00555-01
1390.7237719210948	933.8807002140136	1177.5556743882512	00757-14
1590.0919902530343	533.9274885784199	1228.3610855202844	00451-04
1402.234456496231	914.1239223796458	1247.1977079259143	00758-11
1446.2003946820732	876.4617893492507	1339.1790553328601	00708-00
1590.5402941594598	529.4915274197995	1354.2556670739596	00453-05
1496.3630497272134	757.1241306574237	1364.8834119836908	00606-23
1353.0557381157298	990.4315348605039	1311.17712149016	00810-14
1472.2946982090405	802.3304290445831	1368.5179276789859	00657-02
1421.2940358848184	885.1221479831248	1184.58102268419	00706-16
1560.7014740499576	602.2516277230434	1364.2091198609924	00504-03
1499.529983669902	750.6424799634477	1310.930028768266	00606-14
1489.7569804632597	768.7435795463533	1213.8020779395233	00604-20
1496.2365119402525	756.6980731287504	1247.1384817260698	00605-15
1573.1674506410418	623.2338410818601	1206.4952763399124	00502-00
1565.461760233164	592.4183826643307	1353.8033778096953	00504-05
1597.9204399303999	559.6336550792796	1273.2746669417577	00452-00
1382.8543064050311	944.2459751773877	1294.1844998832335	00758-22
1517.836662347537	749.5380837807226	1273.0055245830572	00605-00
1514.3067516115766	717.2308790304628	1265.0371730151421	00605-08
1501.973472297616	742.9539603175294	1176.3072096459898	00604-13
1467.238304725505	808.3050313934566	1176.9412731816415	00655-13
1592.2158169106726	526.118792205596	1207.237141679088	00451-07
1460.7361401906442	821.9177174062941	1298.856863139368	00656-23
1408.2878920030573	905.0180316364606	1258.0326870997571	00758-09
1565.0079182249565	596.4571042400647	1185.1001929719778	00502-10
1369.6030057283836	992.7678902204386	1206.3509458804492	00808-00
1427.667765133427	873.6960945029931	1310.8102579906206	00708-14
1518.861333523081	704.0442913697283	1191.6934703589966	00553-17
1340.0450589406935	1007.3215872056013	1214.2590036475747	00808-20
1545.1307041101786	687.059715265335	1206.2879971352766	00553-00
1571.7766085530188	576.9940278414404	1354.0902409757762	00453-21
1475.1773144002907	795.8439162488565	1314.456183308248	00657-11
1491.2587829934666	766.0944721779608	1258.068751152312	00605-17
1443.706351898533	849.517679344565	1184.6708676350593	00706-10
1580.054529269002	560.3744306978432	1178.4977293904672	00451-14
1572.1538673638397	576.1753082615818	1258.3053203037034	00452-17
1513.9779512928114	715.8315190227812	1206.0314589116126	00604-07
1489.8641242055628	770.1231794161434	1272.887871733294	00605-19
1514.5057191659612	716.6301221056146	1339.192286860539	00606-07
1478.6794214884328	790.7494666228587	1319.069640970864	00657-10
1553.4630281167629	622.7588384558853	1235.0366210129068	00502-24
1373.2436043243379	959.320538648021	1206.435450924305	00808-07
1539.7236714772703	654.0952743872353	1265.3170084024443	00554-08
1555.7354569847855	615.8257597120612	1243.1004959794093	00503-13
1452.6433745215984	834.2943826319827	1206.3459644035372	00655-19
1591.355913812833	529.69340377845	1324.6177545586984	00453-09
1522.7472708510472	694.4118415089948	1313.9047041125853	00555-15
1513.6918336586723	717.0379758753841	1213.8262112510354	00604-06
1377.9993967695523	951.4957659498589	1206.5760648825374	00757-19
1423.5592756508759	878.9498599639437	1231.5908514995597	00706-23
1537.9468845829365	661.3800650352005	1185.4874672511792	00553-10
1582.6411334725613	553.2798887955273	1177.7140464727358	00451-13
1584.2582159818794	546.0925173936224	1302.0528232423076	00452-02
1474.9803415619356	795.1725749325249	1181.0170284880173	00655-11
1340.9540877149689	1007.4135653940332	1332.4964621791269	00810-18
1379.202353371208	950.8010188532062	1347.65049444452	00759-20
1405.936950723441	909.1529670850775	1184.900335892655	00757-10
1454.3062351679391	830.7137060594505	1354.7448814704449	00657-21
1339.4098343156008	1008.4151550341278	1273.2463822836348	00809-19
1378.9442381695212	951.6251297542901	1339.9689972962512	00759-19
1490.494090027133	769.3039701993158	1280.5357447538076	00605-20
1342.0989290605335	1005.4042206122875	1221.396960651182	00808-21
1436.4831241841937	861.0342145140758	1176.9774553743334	00706-12
1559.2908263507113	608.9470722678434	1301.2854562982914	00503-02
1566.5951733057427	589.2854949546595	1264.7904693112068	00503-08
1460.7776148831936	821.8254760670842	1365.2152332916633	00657-23
1402.790588026384	914.0218422756789	1365.5323328715488	00759-03
1534.6622102337153	667.3580758643968	1313.8498046605848	00555-11
1386.8081632378644	938.9695103792972	1314.090699705593	00759-15
1524.9894902271708	687.494466099121	1368.1834575062169	00555-24
1547.752749258683	635.1421278741207	1251.725163753848	00503-16
1540.3937569274503	654.3698485426381	1280.5858628620183	00554-06
1535.3380174368247	667.1282932673283	1232.139780448775	00553-03
1523.6583571581607	694.1424581275791	1180.7884011207002	00553-15
1579.5351333298806	560.4684361186049	1301.7621732367131	00452-24
1588.9764333358323	534.0054112732481	1360.1630257659936	00453-04
1406.0168364555425	908.9526676228743	1360.620520189545	00759-04
1568.0279078854778	589.0024560762502	1272.6465552089705	00503-07
1513.1295702756693	720.0439592561972	1220.6620936328786	00604-05
1518.5931427197825	704.489902163014	1354.2978103625749	00555-21
1423.1954850141294	879.0731016238146	1313.8218947564378	00708-15
1417.5163601738866	888.3160576376123	1220.6670722634058	00706-21
1452.989825687649	833.5758518976775	1214.41329230746	00655-20
1453.4961682309213	833.862213128259	1332.019841681176	00657-18
1517.6302322727936	706.7358168856553	1265.6611758928118	00554-18
1576.703939614734	566.9815833694453	1247.7682208802419	00452-15
1383.1959173186074	944.1113583002967	1227.551536788243	00757-22
1416.1846585955961	892.101799604342	1272.734326324847	00707-19
1399.112511586511	920.1735341091511	1368.4204018267912	00759-02
1548.6991775210608	634.8746621864188	1185.0822692080044	00502-16
1351.563828159606	990.2173290411963	1177.550131459287	00808-14
1405.967976633777	908.8570743543235	1226.9192349622513	00757-04
1539.0491776408485	654.4021970858412	1347.2450166510346	00555-06
1372.6715087326527	959.9796824953885	1331.965112725328	00810-08
1502.128806466383	743.1130000379836	1302.802414961575	00605-01
1347.7970514010096	995.9270688667145	1299.487864920523	00809-23
1567.5162299141175	589.2152796465874	1213.9043563308692	00502-06
1545.8492820510737	639.6788672435764	1353.8305348887122	00504-21
1531.74992580968	673.8472129505909	1368.1086005233722	00555-02
1562.9961877437854	596.5849332172934	1359.622063096523	00504-04
1447.769565702815	842.6337251934779	1264.9645817544113	00707-08
1554.3378413273213	623.2114164613341	1177.4502569278272	00502-14
1459.8779572367557	820.7314115755715	1247.824259508863	00656-15
1493.4911927611981	762.5623685620519	1360.1929960039272	00606-22
1443.8553517361656	849.5972249713323	1360.396030611718	00708-04
1566.056627306044	591.813194088662	1220.9714291106745	00502-05
1518.0946737903346	707.0786450230736	1214.2864497550183	00553-20
1342.1186171183338	1004.3347512314932	1355.2091322580811	00810-21
1459.9078499608356	821.1120704341604	1180.7136207066335	00655-15
1372.9986529274413	958.8716121619816	1339.8647448530664	00810-07
1443.5435197568277	849.2833846777623	1251.6449300390714	00707-10
1566.5266288813145	592.0435054707801	1191.4124503193282	00502-09
1589.9522900313427	534.0033131260329	1252.2973821642415	00452-10
1517.843153464692	750.0305930698383	1339.3823519383498	00606-00
1394.9794671260288	926.3089214794745	1236.4327810687678	00757-01
1549.1151963876653	629.1255030267635	1247.039340370047	00503-15
1491.147480112367	766.0689629599386	1221.13877889339	00604-21
1587.3527777399418	539.5155265094397	1247.67119496612	00452-11
1477.7910432293543	789.852517682147	1185.854410664985	00655-10
1551.5615417116476	629.5777215550328	1180.4449516230386	00502-15
1368.3711138151643	966.4878545526105	1185.0483161223265	00808-10
1440.0991535717067	854.6538122148243	1313.7289959963323	00708-11
1507.9220343537495	729.3347060519602	1231.8569688016946	00604-03
1521.9919878311941	693.9732563242145	1364.8890446969403	00555-23
1436.068932919084	860.6060519590352	1310.8533466213287	00708-12
1443.2813432991995	849.1079901231013	1226.925678437994	00706-04
1505.2045592542318	736.2421927071437	1234.998386487225	00604-02
1440.6308245989642	854.8460905957073	1364.9079286210879	00708-03
1340.0108027011186	1008.0176068630625	1340.3189142694955	00810-19
1386.4848639389897	939.4028672059148	1247.3580859583167	00758-15
1556.516101248402	615.7940554791021	1236.209816241529	00502-01
1352.4827129440275	990.535921235704	1244.522437346757	00809-14
1380.0969071678996	947.6575701005661	1221.6449919498855	00757-21
1560.147961974583	608.8445420550347	1177.4869075044892	00502-12
1483.9832697129737	783.5715705102598	1273.765855017093	00656-07
1579.233824553151	560.7400743180953	1367.7467425327097	00453-24
1530.398476409891	681.2550805612666	1302.8729625211427	00554-01
1405.9779514288614	908.7315141011195	1318.8498257982196	00759-10
1591.6387571943687	529.5716006397635	1222.2225893482741	00451-05
1356.2956099939852	984.1256559425001	1176.2359201307959	00808-13
1364.9872145446534	971.6089257615604	1298.9628379021874	00809-03
