3.121219033502717
2.9757018883961823
1.7260511369822842
1.0627335069705368
0.9182785376401563
2.8081197916780303
2.6125248475439724
0.9883489559025721
1.6167656333299014
2.8117161140621976
1.4903227513742658
2.365031658945627
2.1693495311293853
1.3492861994052223
1.119151573452134
1.3274797019558968
2.325751203839752
1.515983157349905
0.8903342006266423
1.8456955135366557
1.77703297764139
3.0492091015541463
2.6054187351611096
0.4893911475699971
3.1111893198377585
0.3658698085538059
0.5549057119047235
0.8260854826774645
2.3989407609803903
1.1186640961186212
1.5592265362137538
2.1639730074959513
1.0353861693805695
2.3329281889590487
1.1347257152725563
1.329305831839342
0.992192968034078
2.5761033005053275
1.1547715106717802
0.9028133383179546
1.1167551522841621
1.1483216843765864
0.9987522626804725
1.663531666962996
0.7164677424529228
2.5970920365080636
1.1262780355063085
0.8496385499410719
0.6088953311234182
0.8491190334972437
1.8662794696410439
1.2552024009110136
0.6309401022827478
0.5777595271151192
0.5899383742072286
2.6121125845729405
1.7601727162224168
1.793477312521827
0.7651255248115617
2.2851206976736775
0.85497871736217
1.599276936001057
1.4834982141726216
1.570509526037536
2.0265706197491915
0.857850424962574
1.7791930155121778
0.9410629565704268
0.7342884613799725
0.7742578703107875
0.4484031847942304
1.2576456032497743
2.8394029899777915
1.8000963946738548
1.187525094529688
0.8114889467047199
0.9393776167177167
1.9002715947348818
2.053406755886374
2.0677154012841163
0.8560890962089484
1.0245568736621
2.384905101099623
0.9339041036003787
0.27001885646835366
1.722933056365278
1.1231105972028494
1.2334496368195655
2.594365348461414
2.9805290733788428
1.0401533876146456
1.0466159131602588
1.072993937094525
0.8542135711042153
0.2615127637649461
0.7428583890431016
1.7084159315942093
2.3972784937452376
2.0870568862504935
1.5467624123279484
0.41707118448627595
1.2772768759579785
0.3068856259002584
0.642642906711149
3.6716444505102173
0.9091405348277474
0.9312936835748731
0.7430929940291159
0.957919150044984
0.7009697363760239
1.0124587693152958
1.5143135424698926
1.830671180475558
1.4123965196820492
1.1913112621558177
2.8882610891875617
2.436840207942285
0.9978201712497592
1.8622574507416598
0.8883707624575963
0.8219930861595551
2.5866599278559144
0.5533286192859856
1.2571626847140651
1.7130268005445233
0.31348417729054256
2.876266995595275
0.6177256403515823
1.0946116323187627
2.0793730043395384
2.213686814951455
0.7191378563478235
2.6712032344871166
1.8178891216888762
0.6995421789536467
0.9469772165999177
1.1971216861944278
1.233408256702768
1.7603379411946132
4.040825082080695
2.140488641867641
0.8024924482879527
1.4184594128288115
2.390979972139237
1.0148996563216386
0.6844058489853437
1.9210915444597578
0.5693699479422667
2.2301230326640398
1.311339943030035
0.82583492036607
0.7242334105804226
1.874862848798689
1.4449966080325853
1.9628850393902497
1.7334017869898102
1.5420185126703494
0.4836477195304277
1.1002103854504923
3.165341205298971
2.5861300914403444
1.5453211016339234
1.8267394107293584
1.6061194794759284
1.2420071208216872
1.6374632843733985
0.6174212955122057
0.6260901008646329
0.8950598076674937
0.923718935496745
0.9693669198988961
1.1714483615532956
1.3116496789551808
1.4384862963495053
1.7798894141812018
1.1213465885354306
1.3628299642610902
0.7554283546186017
1.021764452091592
1.0817254536299734
0.6893213750125207
1.7244090471188411
1.5183980097000285
1.3746931483942582
1.2294434737438278
1.3101817778400289
1.2137985546821088
0.6901813762655242
1.9219862369094878
1.488578805660776
1.1573189829834716
1.0206486042352187
2.225915657058517
3.030884134583118
1.7311395541773178
0.8340781489746739
0.47780325216124603
1.5903937030366835
0.7220580035477567
1.1210638971893951
1.7502652782212669
0.38383196939479314
0.8126202189937367
0.3743877518222094
1.5101563424879947
0.9974930094352814
1.1652335982505606
1.5463249271339705
2.0980693233691015
1.9865770622391654
2.023768651689497
1.3208796756122665
2.6276559680595386
1.5405654596584377
0.9458515807231651
0.4607788926115948
1.77410190539246
2.7291230617431146
0.7011016481648601
1.1404292675342675
1.0916261347969676
1.3664056621269112
0.8701481389088597
0.9109776701465733
2.5550956311082844
1.680706253967882
2.1070843094257574
1.2216628815500405
0.6320764680919847
0.5909001060380638
0.9067193000636856
1.4924414231941692
0.5544476237891117
2.270873911029442
1.180684862713671
1.4793526002157986
0.9161325150486138
0.8056886492369039
0.7854597655595561
1.2077795504962083
0.9339436905021237
0.7243551299108769
1.380721195743131
1.63116585790217
0.8327316347923188
2.308428138326872
0.9963173680806837
0.3551098387435996
0.6098195231742293
1.5822346542348467
0.8031893175446781
1.1082893673283836
1.2988770274011336
1.1585661876315256
0.37206330946846755
0.988606286701442
1.237387484069486
1.9858586375353282
1.5297745164439591
1.0888155439991956
1.7612007473427729
0.9928046971629966
0.402459595819009
2.0340742312329136
0.48471446807448315
1.1904619106695034
1.162396258531798
0.5403780162302045
0.7281610411251012
1.6280265075516336
2.2432951371791505
0.5109316388039813
0.4006797321118835
0.7059102340694131
1.225405400146071
2.7131331174186264
1.3480506859881423
0.6668437156316491
0.6307120190345974
0.5261620231097172
0.9494093423456151
1.7590124882640787
1.5334362929610252
0.9587134570479088
1.1889394469281682
1.8543278751149281
1.572755219491484
2.604808339534633
2.278071027371392
2.597012131290842
0.7946222815287842
2.2507157223313934
0.6893726400434915
1.1942161592684237
2.4946441764602034
1.0697642161216543
1.8140248603759908
1.2063833920843359
1.6783972019126365
1.3066233502088749
2.5770186185676227
1.1336234066840882
1.1354446819004356
2.120594169199415
2.2010115665803935
1.2496100229629779
1.2874386456008564
1.5922531781157443
1.771392401918719
0.8661098361215472
0.7141646997684389
0.8293179586487308
0.9498961839721514
1.0177965576123302
0.9657495760805601
0.09638328283469681
0.9697503170166083
0.6402480718292534
1.1117595292035376
0.8210145993128329
1.9236766109797885
2.0625221329313725
0.6828427406253449
0.5493376640118482
1.284525990785588
1.5323675038002524
1.8825054123933351
1.4920890007614538
1.8277488486044249
1.3686730635991722
1.8915217084699414
1.4044311050113598
0.4432940575087543
0.5265592033080339
1.093189248271877
1.0717958467749682
1.8868162200138947
1.3484563219178698
2.1631082675492723
1.6928799645200678
0.9272896135058757
0.842832543565612
0.5662153293742612
1.3428547346792004
0.6482122721879894
1.634252126327605
0.46141288547927983
1.2106522703027447
1.441232931393111
1.0612584200486541
1.7039121797502703
1.5569882241949098
0.7740282543274
2.057009866709404
2.408902082454556
0.8412440304335738
1.2158628014873492
1.8605304292314324
0.6143059375811927
1.8095424166060365
0.9618107101553194
2.510337449756334
1.3321971827658476
1.8014237776981028
0.6388739877520225
2.2380211082243093
2.2695382105600572
1.0709548706627623
0.4008505270418369
0.7898733179911842
1.3512944781510852
1.8938361332066236
0.792919178619463
0.9828523558216421
1.6393330641500354
0.8779728042439656
1.004272216191352
1.251210961849595
0.8669995811948027
0.3806706716791737
1.6668694201714944
0.7482245653131697
1.2336186073540998
1.1278621416033099
1.2902049347422089
1.5796538065437944
2.3351516129576226
1.184731535348185
1.9026033359277843
1.5334528208625582
1.71587160260868
0.9147512593747681
0.798017617175973
1.128371984997272
0.9935245203023398
0.8299378617330841
1.0522488169305628
1.8175628600651348
0.9601190682352189
1.1666977468073243
0.4411101145504083
0.5657627780322808
1.2938718882869085
1.0555023091894546
1.1299181263470706
1.5279693401976164
1.0254818744528569
1.562028539827723
1.6662667313834072
2.14502817710229
0.6249891756430143
0.6988780423223154
0.6806134342573533
0.9395133726971006
0.8736913769306567
1.4108276645635291
0.6620124105238954
0.969446456764905
2.833627352573355
1.1488404255646272
0.778031909652301
0.9153963410857917
0.6330477059802367
1.2628783449343999
1.5569615374714838
1.1710652835253759
3.512935918266699
2.5702748416701637
1.254499233494017
1.9746664521858988
1.6169793485283208
0.6079102695906998
0.7490111547858538
0.724564834084903
0.6418106133100654
2.415247855168702
1.5767200738842824
0.3592994032321756
1.2465349318718897
1.5300268959577723
0.5545947074805019
1.749229223661658
0.7061397734784404
1.1487428433634814
1.2011795044049907
2.4195615966029584
1.301368433919878
1.200579229394597
1.9866945902257764
2.4443353876141516
1.8188269679628617
3.040171032438649
1.3679342250093784
1.5000067179595635
0.5493705529025966
1.8504325189340443
0.5335057598885924
0.7330185900274288
0.2847869706823106
0.5131925871435932
0.3765983968349276
0.8436258224435027
0.8594750042160281
1.1712721415052259
1.4119972510313308
0.8622591064465275
1.7823769204674644
0.13865243539991254
0.7309177438269127
0.49585757488300625
0.6100335424474982
1.9102325409359946
1.8139182193151029
1.419488885952737
0.771854830042141
2.2524182029667013
1.5192731215204303
3.1270460789585286
2.1706513996733134
1.560236978899954
0.6063607783501506
1.068827675926142
0.9080682152325671
0.3854380145925007
0.7799127764059652
1.381180159262066
1.6975881817212248
0.8432825100101122
1.2365444887320447
2.6420687319083758
1.1170580356140278
1.5162888093839815
0.5945057929492747
1.2099939718852522
1.5195627391374884
2.160046658188476
0.542197195851434
1.1366920127272406
1.352917095030547
0.5213609234182803
1.5149495639963049
2.173746037124627
0.8916863607166285
1.3158396955309066
1.613737997444065
0.5510095766604054
1.2531768300531985
2.4388674633869805
3.506347257544596
0.9986788258391156
1.1933425961842552
0.8747602798400068
1.2853686571348932
0.5618240076469712
1.6288020786937243
1.3932758090033324
0.5092520881245293
1.5532717689029936
2.5418407208706193
2.0651818459951934
0.7741577668438393
1.1671417349546407
1.9303343942876268
1.0727974679269554
1.5457776887035735
1.5168904507551928
0.9758105919424209
0.7368833834755534
1.7889150902067452
1.2514722058768462
1.1947074793894716
1.183310961825219
1.3118617565437622
0.9448024654968205
0.8442955880029475
1.6985479109161727
2.0341434507321843
1.4838879840707044
1.0475806879268816
0.4042007099464046
0.8381301784901668
0.5425487325902546
2.5380666242695162
2.138039670850194
1.1667133095504714
2.4413651633704303
1.3925327109753018
1.9528569088076346
1.1199520871232267
1.500190485423909
0.7847510095505214
0.9251076616793508
0.9918588709921703
1.5173613228879304
0.9198950126220782
1.8296961192252708
2.234515380211293
1.8557371981007311
1.239684435046752
1.3256157239886186
1.2884552235366935
2.769369777649399
0.5765194229784196
0.4849024807348746
2.3669025877783296
1.2866600201277134
0.9058722620752605
0.9591786514140179
0.7814774010627148
2.4891414604306563
0.829203264903283
2.245682120086136
1.118435613501295
1.827397976239108
1.342282985038862
0.95735575169379
0.534054311800938
0.4331479346074212
0.44032785568032873
2.4410756082290868
1.149156333761582
2.403555210049495
0.9267846627685563
0.5639560171818553
2.055678840270236
0.911159886485471
1.254353301186208
2.8686029921548197
1.393612582513248
0.7196714293795926
1.4361946329605766
1.0835912501796376
0.6497998241994357
2.0690180572120864
1.0311909081440793
0.6000891098754381
0.5122895081058502
2.030268814704033
1.5657946316001157
