00605-14	0.38742598823662067	0.2535215365194171	0.17885755070427323
00605-23	0.39019645945361414	0.2600781647820914	0.1550343699982418
00452-17	0.46763149856519104	0.18658682223387213	0.18062104493120595
00656-22	0.36630459214851363	0.30187678533555423	0.15738117850022124
00810-21	0.36649888780476797	0.4645605962136358	0.1492959548832621
00758-08	0.4003449027338846	0.3769190465950635	0.18622786532106803
00657-04	0.44898403246176666	0.30530316040350747	0.13953081935702388
00809-21	0.5599208446117474	0.665781972675907	0.2554178133416734
00656-03	0.3799445585973511	0.2848250642077166	0.1554609226340064
00554-22	0.4006703669560982	0.22447666011560874	0.15575620846208657
00453-18	0.47867994311661793	0.19229621582215817	0.1480401347101414
00605-10	0.3933831937910999	0.23756735239135718	0.17491001767557454
00554-13	0.39932341184789727	0.20997692461971068	0.1775064595755255
00706-22	0.39871593070586836	0.36098322629549107	0.20028341981781578
00657-06	0.4494475438289197	0.29949993045932677	0.1442053166652436
00657-20	0.368064439316762	0.30889793999725174	0.13695289491674562
00656-24	0.44017489974598595	0.35066074473998593	0.18658483990780791
00605-08	0.39592524917462757	0.23403770496127788	0.16880670635731593
00656-12	0.43062067191664877	0.30393995223187653	0.18985936519277352
00451-23	0.5041605096246973	0.21372959822967721	0.20228045403096687
00452-12	0.4743895314531099	0.16911467882261924	0.1875869087314443
00553-06	0.5609584998909002	0.2859868847185133	0.21889541481340138
00655-23	0.43168991694982417	0.35180547522455263	0.22962169635329646
00452-24	0.4806107036939042	0.18004737609442464	0.16092657071242206
00657-07	0.44878108880711587	0.2984456354026954	0.1471230431247416
00810-02	0.3815016480040014	0.44554613914811236	0.14429973715622488
00707-18	0.3999880483741716	0.3684834912094803	0.18123525785968442
00655-18	0.5203518820626248	0.3728359324802629	0.22578614225425397
00554-20	0.39883553876398664	0.22856408881731696	0.16152586436522046
00708-19	0.340671213428675	0.34260989518960144	0.14018828909439435
00808-06	0.43715180608480875	0.45410329225269125	0.2260515364846738
00759-17	0.3890251808201387	0.4175973132627476	0.15991532687387508
00809-12	0.3682727127817084	0.4319174268701182	0.19820790054243256
00503-18	0.4494851911965333	0.22551220371468753	0.17690150252468365
00758-00	0.4064823971398856	0.4108465265481934	0.1819630262266292
00554-08	0.4462547676791711	0.23269260101886363	0.1767007854094157
00656-07	0.38222511668489334	0.2756704070908191	0.16625780802958987
00757-13	0.5950963471528146	0.5717605134566167	0.2565506757725889
00452-01	0.48254040308782986	0.17601672031213442	0.16037219518392257
00606-20	0.3930602428383425	0.2716894871449483	0.1369837789607384
00553-00	0.4152445899258717	0.2164084066499213	0.19913536210964064
00758-09	0.3989758460196811	0.3783810863045466	0.1895746411896772
00809-08	0.3767410499284319	0.41953368845560546	0.18705895255050517
00809-11	0.4624460370165611	0.5381960594947198	0.2588438695792137
00453-10	0.490895505854981	0.16582401799906685	0.15367585984647164
00707-21	0.4024863822183631	0.3680258804648815	0.17043100597137048
00808-12	0.5640833436315722	0.6217780986388486	0.25712173470343297
00555-03	0.4155492472159116	0.2090468907900745	0.12904603551239188
00809-19	0.4194590873730822	0.5015657902443998	0.19435971419821074
00759-07	0.4102934329543048	0.3847807098187338	0.15345526702306733
00606-02	0.4021136792361351	0.2517839467383317	0.12930166850446134
00605-12	0.3895001635176539	0.2441413509358561	0.17825118720190686
00452-00	0.500744783336696	0.18243663390802528	0.17777413813073886
00758-07	0.4014159614008309	0.377131640709417	0.18238025580716388
00502-01	0.45470141370613676	0.20866696088710007	0.19109203365207175
00810-14	0.36958826306973375	0.4484283277339155	0.16668473910590748
00503-10	0.46039287074384183	0.19765397270580115	0.1834744305314431
00657-11	0.5447260577162965	0.3731340479191512	0.19718266947492716
00504-03	0.4765901950202206	0.20746562956298728	0.1355057694511618
00707-01	0.3487686980748008	0.3249852618153382	0.15390928721695374
00554-24	0.40439400480871046	0.21788445715791627	0.15256843440581064
00451-08	0.7449562248963333	0.225945525044384	0.23098066211869564
00808-21	0.41706413168122425	0.4940365134282443	0.2231037781867083
00555-00	0.4313083037226186	0.22531783116851758	0.1410766025953058
00605-15	0.3859271293639753	0.25749417616572795	0.17752911787740827
00553-24	0.43533080940908475	0.252091158234514	0.19133364941620207
00708-24	0.353148855437488	0.3346682786640727	0.1306258170207668
00606-18	0.390663659013265	0.27023821965374095	0.14240297443066835
00809-09	0.4685694010552293	0.5304191635975608	0.25036945117714277
00502-05	0.4874108575862147	0.2163385334607199	0.2013082276523875
00706-05	0.4141717018703212	0.33315768549377633	0.20294486155204552
00757-18	0.3991186931208733	0.4266279049528798	0.2221262295306427
00655-19	0.48930760490270164	0.4036889215687067	0.21821251800388003
00453-21	0.6029863614586454	0.2303704689053736	0.17005882515898033
00504-24	0.4710654861834479	0.2206185538743254	0.1346234072435363
00707-17	0.4000002789760044	0.365753072201479	0.18459976293565517
00554-00	0.423718919170307	0.22116087571380288	0.16853649767761134
00707-15	0.4026810653414297	0.35873357842497033	0.18996857312759896
00604-02	0.40007955132780726	0.25524058688017504	0.1831244179976905
00604-06	0.4676171649992588	0.2558513673127376	0.2033751263101777
00810-04	0.38513528171072464	0.435598872663984	0.14662802394014707
00555-15	0.40348775397078424	0.22231942790288117	0.14772488544157267
00604-22	0.6224059994893976	0.4502302477716368	0.2240937501265
00758-22	0.38645542786880843	0.4106486757849277	0.1731307520755021
00758-04	0.40144049681435806	0.3847229896004811	0.17278580685003428
00809-00	0.38239876305736137	0.45508047414746283	0.18283266194921186
00553-18	0.671345455641919	0.3539359814723334	0.2312016408334274
00656-15	0.36294238142969665	0.29492407093093054	0.17730291772825071
00504-19	0.46094031094388427	0.23141497282437926	0.14511625136088732
00606-19	0.39221569974549464	0.271850000766062	0.13979343825137883
00553-21	0.4300747993503165	0.2620672707754729	0.19837929882464228
00655-13	0.6345880462976913	0.4490205169172771	0.24927679580579848
00707-02	0.3516783240492518	0.3211256135453768	0.15434894555557133
00553-04	0.46611014661796984	0.2577667044119387	0.19706333009954702
00707-04	0.3557845869843475	0.31417979129624723	0.15756737054533532
00504-07	0.4755692464597961	0.19781794965647065	0.14488690246988686
00708-16	0.3407213526107254	0.3356825318483499	0.14752004087239554
00657-12	0.5420851727625927	0.3788636861752646	0.19943124626151548
00606-06	0.40392081023374526	0.23869742230295707	0.13597598120127033
00759-23	0.3970427478132816	0.41511641716044484	0.14454497637538272
00553-11	0.6882879087883463	0.3208413078650607	0.24287823675165376
00605-11	0.39166278783665814	0.24071512346655763	0.17708664183028566
00810-11	0.37763081554447264	0.43403726802691855	0.16499224322362466
00759-06	0.41046264222208106	0.3856190363930966	0.15043851575425699
00451-12	0.7446031788473568	0.24126378683658	0.24566517177646752
00708-02	0.35969488707141034	0.3273839376649096	0.13061378226645962
00706-20	0.39516614067034617	0.3649608466172926	0.2073507077668963
00759-14	0.3892324635556635	0.40412819234803987	0.16089832342483484
00604-10	0.6999242101475412	0.37625005637987463	0.24614762762675022
00605-21	0.3874436458479484	0.26586410086049744	0.1599662064728764
00502-10	0.710582783595988	0.26247990517421	0.2385442373001369
00808-00	0.37609473675795585	0.4490298260605283	0.21815837595682627
00757-03	0.39459600340948897	0.39272391416553276	0.20866640107797327
00502-22	0.4520681905470592	0.22817232879131402	0.2008748945207379
00504-08	0.5918061715652311	0.23877712368279966	0.1841700452031658
00504-01	0.47356626410182595	0.21637084299476927	0.1341792099279683
00451-24	0.5060856651833571	0.2097088256915966	0.20060373225069641
00809-23	0.4527049475840334	0.5670787909316787	0.22047427773703998
00808-07	0.4366013456859687	0.45260643168099	0.23022473420623807
00758-14	0.45136153194083023	0.43337524624545726	0.20793391291635652
00554-12	0.400362021252768	0.2055704616151888	0.1769467894927142
00706-16	0.6178671912172077	0.5287195649780015	0.24946954986959982
00808-18	0.46450881580438563	0.5352350859547803	0.23964563456700708
00759-12	0.3938436235011756	0.3939814807596018	0.1605770066545171
00452-14	0.47180987619872444	0.17739607727609805	0.18761355821317843
00554-04	0.40758579905458164	0.20096676962855775	0.15535855410199195
00555-18	0.43976779517619596	0.2700505638147997	0.14816223227611408
00452-07	0.4835213749178345	0.1590555028976358	0.17403082311270995
00451-05	0.5152056861143708	0.19203272039674935	0.2083233616964188
00708-03	0.3623465681773984	0.32377748067549855	0.13160343271005942
00554-05	0.40628329639557803	0.19734082850527926	0.157607761844688
00708-13	0.3495133050308942	0.32580275692592986	0.1511422834831215
00604-24	0.39716341942228006	0.2640400709897521	0.18344516618429169
00504-02	0.47587080782323626	0.21199149867262584	0.13459918694360612
00759-20	0.3903102395533217	0.42205907334816833	0.15110868832923627
00657-01	0.38149226561687277	0.2968497885022521	0.12978692232410913
00453-16	0.47924276254511033	0.18779225858085308	0.1534072174443573
00502-21	0.4463070203455966	0.22184419325666183	0.19835942684494104
00605-19	0.38490257332386707	0.26711274594979034	0.16629266668513293
00707-11	0.41206523981324306	0.34065465141709755	0.18955783610364357
00809-14	0.362557758457775	0.44118794756649277	0.19835047737188266
00808-17	0.46527579906814487	0.5325898737269972	0.24398541049522487
00453-03	0.526693569091859	0.19259310397361964	0.14010032054067093
00502-16	0.6974742434453952	0.2933006967844785	0.23906604912298954
00453-19	0.5977562090114729	0.23225871179845275	0.17951870210457754
00605-04	0.3969099703439336	0.239769760077139	0.15654191421154431
00453-24	0.49348760931511687	0.18363212414407848	0.13446774142482676
00554-09	0.44576309710772816	0.23447520092539156	0.1801951391446518
00808-24	0.4505226523754136	0.5553560191976499	0.2688068248784918
00810-18	0.363568240424313	0.46415716885631625	0.15805074181791637
00453-02	0.49729491613047955	0.17511057220473814	0.13432735749204414
00504-06	0.48258680468010773	0.20729520504362572	0.1468015630485843
00452-19	0.4700673977586557	0.19024976020108908	0.1738889476955949
00656-09	0.37905948746675344	0.27638537452627154	0.1726820338629151
00808-16	0.5466815297575935	0.6431297232304359	0.2518944760015494
00606-14	0.39367014365331693	0.25738576685980824	0.15015491995017954
00504-09	0.5891199204219558	0.24037703012585984	0.18856594620686373
00657-05	0.4499910900788115	0.3021595308545135	0.14168132601312874
00555-19	0.44136768480772487	0.2716726402409301	0.1453650178226944
00706-15	0.6217665570025783	0.524466671786239	0.252789595821872
00707-03	0.35375790652336986	0.31716745372878263	0.15550806107767073
00605-16	0.3848658450376094	0.2610115561143611	0.17543025953872912
00757-01	0.38926197510488836	0.39275458012828474	0.20100291505291776
00555-23	0.4469439953242552	0.2638791955646416	0.1358417036278183
00453-17	0.4785238086158178	0.19040550798466085	0.15084569284826274
00604-03	0.400781160315569	0.25062386199569225	0.1843340578062298
00759-18	0.38864225041288625	0.4201184062429971	0.15700403355404183
00708-20	0.341115739021125	0.34209505195842904	0.13733536408592673
00757-09	0.605604506660809	0.5480051736123084	0.24542379736397393
00451-19	0.7122191190736067	0.24928885742901216	0.22361398555224282
00554-01	0.4068106980692685	0.21407328117536686	0.1522624071184137
00706-11	0.6373926450412208	0.5007870858524344	0.25253982650962814
00808-10	0.5691753502946748	0.6088580521609959	0.25110854514282777
00758-23	0.3889775772510594	0.4071778351884235	0.17095965178962333
00810-09	0.3825189667911398	0.4281549342712935	0.16020089373611093
00706-24	0.4041893928389016	0.35360407497261676	0.19608191826106575
00759-08	0.40795660260731903	0.38365339753216715	0.15628554228037195
00553-23	0.4332575986489107	0.2559980046550754	0.1928098955410199
00451-21	0.4990566988752039	0.21896285183795317	0.207403174803266
00605-00	0.41073312483646707	0.26038501658420504	0.1693973824902953
00657-18	0.3675701876665619	0.30863315858540336	0.14268450994700266
00502-03	0.48582032387854035	0.2227353614482228	0.19596399017691085
00808-23	0.35828059304378423	0.44426611652628056	0.20477350886875706
00503-23	0.45786709178824875	0.21974871825799722	0.1618721134702861
00606-23	0.39780345590943655	0.26486455423626504	0.13075673674515315
00708-04	0.36407477743585526	0.3202566649698951	0.13298676740512813
00504-17	0.4593632636793796	0.22784666059635225	0.15100648173265238
00657-02	0.38392242966760426	0.29272064505485096	0.13012694137297748
00605-13	0.38851917501011746	0.24889715000890297	0.17910394954928696
00605-03	0.3962637080242183	0.24354191534901923	0.1547761605786522
00808-15	0.5504441576677763	0.6383524789259805	0.2551170764595147
00706-04	0.4128432043920411	0.3362621193706547	0.19978173007751793
00708-06	0.36552227351862354	0.315387921180092	0.13742133809874868
00706-19	0.39442446734775694	0.365244960111124	0.2116325578024393
00452-13	0.47312925079585866	0.17334102682157573	0.18813533636968188
00502-18	0.692335088310735	0.2982520900036196	0.2299664204202738
00757-06	0.39633800124802143	0.37328332180799434	0.21214983035277485
00553-03	0.4640659688169629	0.2610983917338613	0.19454468179148016
00453-04	0.5285222736321022	0.18934383409879488	0.14162215221220553
00759-16	0.38559574625912446	0.413429692338073	0.15779156838071368
00606-03	0.4034441666885106	0.2476646077934814	0.13023133912991483
00706-08	0.6403254552889008	0.4864465662168779	0.23947268572625466
00656-20	0.36125123130876086	0.3039918077153641	0.16273889459407723
00606-22	0.3955576649501096	0.26781516978969166	0.13231325257762386
00451-10	0.7293208512603581	0.2161466283890628	0.2368026826951234
00604-08	0.668952699162904	0.36324621876557905	0.23202126553810867
00554-23	0.40189210734155184	0.22112668592008555	0.15372416416911763
00452-23	0.5961050852753348	0.21873832853917355	0.2061846643911676
00655-17	0.6204646634559859	0.4677513663709404	0.23900289024617088
00656-04	0.38161148564737585	0.28140845403232845	0.1572924738648707
00656-00	0.38929796139576633	0.30217928745486194	0.16975517689578992
00553-09	0.6895165587469666	0.31128416423957445	0.23505820530747043
00759-10	0.3989382024664015	0.38624927438177253	0.157089476622567
00503-03	0.46724974391998303	0.20416103109928083	0.16228833555576275
00553-13	0.6851249904538006	0.33323303068547194	0.2462727883508203
00605-05	0.39759215781153057	0.23700914685415334	0.1590336553775063
00808-09	0.5712021039929598	0.6041950628004515	0.24670072417694305
00758-03	0.3994360941044794	0.3886353737961234	0.17060699042268304
00707-05	0.3587578174933856	0.3115353839016616	0.1638910594651839
00758-12	0.3918737626974928	0.3887163207340228	0.19682025795478708
00504-12	0.46621560869159373	0.20877353164841855	0.15655581201836602
00504-04	0.5012909124658897	0.2251765717283446	0.1415077369937402
00554-17	0.43162397136435643	0.262927093560049	0.17981660939562633
00657-15	0.3700238826438249	0.2998611402287429	0.14935626755666498
00758-24	0.39197415993041274	0.4030820069293974	0.1694757587032018
00656-18	0.3601694210747368	0.30328567177638105	0.16954048211476225
00606-13	0.39433512526169756	0.252529446214959	0.1503023922938328
00553-15	0.6793755280946343	0.3445130356072938	0.2435947105575094
00655-24	0.3651945972919183	0.29145832577716374	0.18295833538287246
00758-01	0.3946646712119245	0.3982159916606665	0.1687779140563997
00708-10	0.3593101431292206	0.31683501749033804	0.1478910903049868
00657-17	0.36706507943411737	0.3057305135559577	0.14519406002722474
00809-16	0.3578863852567717	0.45010392979612673	0.19465894075193527
00554-19	0.3979224333544696	0.2287598259024747	0.1650028581775452
00553-14	0.6832062801108503	0.33958789874653206	0.24567836555863545
00809-18	0.41963108060134297	0.5002759135851895	0.1984651024734891
00605-09	0.3934161440654017	0.23445567373660162	0.17177873203066876
00810-05	0.3863968068129202	0.43214619248718145	0.14879554615954502
00758-10	0.3975013269065057	0.3813127951853631	0.19293752830648533
00810-01	0.4093644356286252	0.4897520713690965	0.1610630379629706
00605-07	0.3968513836960723	0.2339391095754997	0.1654332902756835
00657-10	0.44260803425715267	0.30138721599374063	0.15552837890937857
00808-02	0.36757794341309535	0.4308940291217371	0.20288851283644085
00657-24	0.3783294394158347	0.30036410488678617	0.13017300024255338
00451-09	0.7462918105903406	0.2284998195947525	0.23577483574849306
00808-04	0.3714587429867708	0.4217994797135074	0.20657942889285236
00554-14	0.43608877888512815	0.2525633251448273	0.18676001382936014
00759-21	0.4863526820660252	0.5255482103868169	0.18160293222406795
00758-05	0.40228058293405666	0.3812550307087188	0.17552905169169583
00656-21	0.3635031717910818	0.3035358006250141	0.15985257710844342
00809-03	0.4676542769235191	0.5430564394001822	0.22021578590541696
00555-24	0.4107321220430261	0.2212913865612586	0.12817021625713312
00553-08	0.6886014537688875	0.30834616737951337	0.22993492665338958
00452-06	0.5177705599780517	0.18252702526492454	0.17384750508830296
00707-12	0.4104753772901097	0.3455333536588027	0.19125044733319055
00758-13	0.389176495818781	0.3932013023527456	0.19744155578713685
00452-10	0.4887433959347557	0.16903978383790277	0.19698881188588596
00706-02	0.40944654323487273	0.34457279596156254	0.19592582463766647
00759-19	0.38938150577199443	0.42184853836430425	0.1540617544171013
00606-24	0.3997039853870949	0.2610050987873962	0.12969311882623946
00554-10	0.44373860873626647	0.23674593385429388	0.1831299919212558
00604-20	0.45955492452221497	0.2941171474366719	0.20518481776670788
00555-06	0.45671270709225986	0.23786311463765417	0.1417595749647086
00708-05	0.3659009031533224	0.3179102355546254	0.13513456573655264
00502-19	0.6905235337271414	0.2985429064378892	0.2248834237154556
00553-12	0.687925486095758	0.3273411607478392	0.24540773769604915
00554-02	0.4076009621389122	0.20950216761997104	0.15264194060008332
00656-17	0.3604723416244214	0.3012397758350984	0.172603728185171
00605-24	0.39234475142425895	0.2564039109151797	0.15377764570750532
00758-16	0.4465759585567517	0.4430201916223683	0.2039334813579356
00809-07	0.37838664602411476	0.42030100428949063	0.18351182900281904
00655-16	0.623882409540103	0.4648724151107344	0.24336558457092186
00606-15	0.39131701575884625	0.26092657093226335	0.14889655690069212
00452-02	0.6058448394654847	0.20342290819884398	0.20472197880224388
00451-20	0.7285922273980611	0.2653603496597666	0.22235342627862845
00604-11	0.6994620060254645	0.3823184334386784	0.2499389330986904
00808-05	0.43652481070629834	0.4566233795020046	0.22197662197982626
00707-13	0.4075383688777421	0.34972020666833165	0.19183250776668134
00655-05	0.3866952182162757	0.2857331392501612	0.18989113088174878
00810-23	0.5588142438290044	0.7036966513911868	0.22234973005485442
00503-04	0.4691087125112872	0.2008942331486994	0.16443720443662824
00708-01	0.357068204145186	0.33148406133610286	0.13034016896359496
00606-11	0.4003492370997436	0.25170951901048144	0.15299468907876457
00810-15	0.366683171671944	0.453077673532612	0.1653586850630686
00504-10	0.5865030680970189	0.24326335085099246	0.1926352736726317
00655-08	0.5555284401146798	0.33245813865137286	0.22996417326067584
00655-03	0.3737891259805872	0.28429706620761547	0.18777871067850602
00810-16	0.365100940033484	0.4575146185809635	0.16336605017000644
00554-21	0.3991573327865101	0.22677146813285706	0.15837328343105872
00453-06	0.6727952429853115	0.22326923994763384	0.18178283369187098
00451-03	0.5126821786827211	0.19780858835342766	0.20250331477276315
00758-02	0.39687569775139303	0.39296627074501017	0.16915455383174366
00809-05	0.3797633101136461	0.42549663049299513	0.17674702530177502
00502-24	0.4564564752250977	0.22117739815053594	0.19704816061322109
00605-22	0.3882870401282314	0.26310260913090244	0.15704724378610183
00656-11	0.3734834271708816	0.2805109344619963	0.1773347566858079
00759-05	0.4099641146355578	0.3880253896013084	0.14787816759364097
00555-14	0.4048328112309289	0.21830418461541862	0.14897300745028713
00707-10	0.41500994522641865	0.33784164955620366	0.1873009265166373
00503-11	0.4578446656705484	0.20059116543963038	0.18544423946497957
00453-01	0.49595341585021	0.17956065152212233	0.13396064542362915
00503-17	0.44942577761422076	0.22348843294845883	0.18023568460634695
00655-22	0.3598253862887502	0.2978934988173047	0.18679961279327945
00757-22	0.3810707231163855	0.40521352344173306	0.2059838273768292
00757-17	0.6190287781988207	0.6256277439221206	0.2894443542487446
00708-11	0.35597944899474043	0.3190536905700228	0.14958219993108704
00555-01	0.4131636032567353	0.21749325603644634	0.12784255292901373
00708-08	0.3636294782524293	0.3139253061248104	0.14288001215555798
00451-04	0.5091938429575174	0.1849097340236235	0.19925473874693408
00554-16	0.43271956788110066	0.2601905348588536	0.1829220200442867
00604-13	0.663976613095591	0.38911011737882584	0.24837975004139895
00810-07	0.38501866983645744	0.4269351961167693	0.15407074456440817
00809-04	0.4701475904790148	0.5376397739854236	0.22363171944122073
00657-03	0.38569245414318015	0.28863452136168327	0.1309720934560222
00708-12	0.35259037558408063	0.32208766800048005	0.15066284992948972
00502-20	0.5576418956926273	0.2635667038510946	0.2136495687527197
00503-00	0.4306230384183415	0.17950884811643794	0.16724105691626343
00503-07	0.46758971576851166	0.19494719401257068	0.1739585084572011
00451-02	0.5112957297578583	0.20180776105625567	0.20090824668189688
00606-04	0.4044996013473333	0.24405594870507757	0.1317247637380049
00759-24	0.40021736938630553	0.4111239589893865	0.14354430421714046
00757-11	0.6018069508378348	0.558428661200493	0.25351950195914497
00708-18	0.3395589078843412	0.3409923556120216	0.14279553456761732
00554-03	0.40722011961112337	0.20462182566486578	0.15354506366604892
00502-08	0.7098950631253252	0.25599621238781695	0.22910416508899903
00810-19	0.36356200097867347	0.4654720208757855	0.15491915838029355
00553-02	0.4395248487359752	0.24358643425083776	0.19142329609544959
00810-17	0.36412204161018397	0.46148388436052684	0.16091947060214523
00759-04	0.4085874220402615	0.39129786041862863	0.14569664756439707
00656-10	0.37632113291315505	0.27788357629264165	0.17528075194603115
00605-20	0.38605489877543425	0.26710273300685156	0.16301718859764733
00759-09	0.40551049692343305	0.38407834764825766	0.15902749909970776
00503-24	0.4603538575418668	0.2160592334899118	0.16053933025060027
00502-09	0.7103856317602272	0.25861704032768756	0.23397566008159607
00503-19	0.450778998606447	0.2268512280293815	0.1734125217247609
00706-03	0.411133848237751	0.3399223399362976	0.19740748705028782
00657-23	0.3760765194316617	0.3041423262038392	0.1312830447649726
00604-04	0.40135314786309384	0.24685323952363994	0.186376008516252
00808-01	0.4546438887311506	0.5497320521519802	0.2678185607425367
00708-00	0.3712743859945086	0.34231594438071533	0.143192710827986
00504-14	0.4620788744843431	0.21712252173859783	0.15648583147778156
00757-21	0.37825213947810493	0.407075623944279	0.20901069250134513
00759-22	0.39417579451697454	0.41852491091429145	0.14628135063915657
00809-15	0.35948250886874816	0.44542710572971106	0.19682496191868323
00503-05	0.4693523003243372	0.19793500915666604	0.16719974097383758
00757-07	0.396275355861068	0.37255035142219056	0.21649019474115055
00707-14	0.40511529117941936	0.3544622706545695	0.19153023139858336
00657-16	0.3680999539096075	0.30295024353145567	0.14746929751823418
00503-01	0.462986760368949	0.21204338793676272	0.16008392051643347
00810-20	0.36452204822626816	0.4655159833516227	0.1519649647982095
00707-00	0.36425236857820004	0.3368327273696034	0.17010532477735696
00604-14	0.6612007032829105	0.39526565280277487	0.24764525132952936
00451-07	0.727604795477738	0.2103284807573134	0.22251858054889415
00604-17	0.6517118697326822	0.40805254684824127	0.23823898287875922
00605-17	0.38401292459021186	0.2636704286050124	0.17265981010609924
00809-13	0.4550869737585349	0.5499940709092571	0.26208308527472074
00655-01	0.36838347137820754	0.2880935183306144	0.18260515025115925
00757-14	0.5911012562436985	0.5778753854733425	0.25585341716455007
00453-11	0.4888880486488893	0.1689370468139499	0.15579957719850254
00656-16	0.360949164304175	0.29805854684139854	0.17511485944035457
00606-08	0.40178495766470357	0.23761028193782194	0.14149663854979566
00502-02	0.45668822389379415	0.20440968721943611	0.19190001327255518
00809-01	0.3708852402265444	0.4421266443469965	0.16987333781478017
00810-13	0.5766663704478486	0.6415156100458546	0.23533811704406518
00504-05	0.47879063667943916	0.2011457690725581	0.13931345003345655
00604-05	0.46880560892501066	0.25873073513425215	0.2001956178876529
00706-01	0.40685755134389395	0.34919489793226133	0.19537410073991437
00554-18	0.4318731341541653	0.2651587970734136	0.17662444548031195
00759-15	0.38714781133467085	0.4088426553479405	0.15973824516054805
00758-15	0.44855174226265926	0.43831633873877757	0.206317075069601
00553-19	0.6703172936827335	0.3544031593359773	0.22605896895745786
00809-17	0.3566124489912828	0.45326979186549127	0.19153967338237562
00759-01	0.3989746908799668	0.40642684472748125	0.1383125033959398
00502-14	0.7214732911017732	0.30311231891851415	0.2479567452222215
00606-07	0.40371973644347614	0.23799407850879797	0.1387718909675243
00655-12	0.637993265031955	0.4427123942182468	0.24841705753447196
00605-02	0.39532443026082276	0.24768740372047018	0.15369183062022526
00605-01	0.393591778750814	0.25197847438447796	0.15314756163613788
00606-12	0.3957814984080357	0.24838293443694956	0.14973781479864856
00656-05	0.3822852187930125	0.2785923477454338	0.15987548783956823
00707-08	0.3565285291244136	0.30885482754800586	0.16986730783928997
00504-22	0.576956085135069	0.27623764507885956	0.16573549580299726
00451-01	0.5041902278229822	0.19595071475178297	0.19445507633266118
00453-07	0.6717531951965066	0.22245431646182906	0.18693101294286832
00810-03	0.38346885490947835	0.4403551716245811	0.1451841255420395
00657-09	0.445090295477892	0.29925088497091834	0.15297591131297947
00759-13	0.391372905620571	0.39887574268027765	0.1611277465973743
00502-17	0.6947280583037213	0.29641561801683186	0.23476331764254982
00503-13	0.4544881635439461	0.2088010923542131	0.1875401756122868
00555-17	0.43929204223777374	0.26747517711140056	0.15076173121753356
00657-21	0.37009483463214427	0.30814436411393337	0.13454877270924454
00453-09	0.49360765945152296	0.16381805725397242	0.15115915549578027
00707-07	0.3574570090552575	0.30874447537020283	0.16641567430313706
00809-06	0.3791366318112902	0.42202502851532403	0.179962307605502
00503-08	0.46461839205358735	0.194381080425691	0.177362349161203
00808-11	0.5673786315940071	0.6154932056124921	0.2548923573624755
00453-05	0.5288548918270606	0.1865111506092333	0.14360061881829084
00554-11	0.4411891585662477	0.23965763608789362	0.18522483482616098
00555-05	0.45800869086991713	0.24045336425286537	0.1392970688189223
00503-09	0.4625493664443254	0.19546335213697427	0.18055562882078394
00757-19	0.3759611061221771	0.40911225204368523	0.21724484268228395
00604-07	0.5450417069239694	0.2721381665472812	0.21589390417809468
00555-02	0.41444294854724867	0.21314451679456825	0.12811857705857613
00758-06	0.4026341621226981	0.3789459475075059	0.17887454200488057
00451-00	0.7491943347786406	0.23850631672832368	0.22733590938264953
00604-09	0.700248467553474	0.3717429850546665	0.24180384644673594
00657-08	0.44694276834413177	0.2980185706108956	0.1500317649031475
00452-05	0.5175898619089235	0.18399642430140897	0.17043901595929487
00757-04	0.3965582385715167	0.3889056732784783	0.21110353271985383
00606-10	0.39882042795539824	0.24104629182376067	0.1465780350737896
00656-23	0.3690882519195697	0.2993037666940373	0.15556393882806502
00504-15	0.46077180635734605	0.22117164897377642	0.1553996761874746
00555-16	0.4035402149696439	0.22632434732467502	0.14603911537496736
00757-16	0.6220911256203858	0.622144403958216	0.29431810270511116
00606-17	0.44938700923851943	0.28428890190673844	0.15268109940713068
00504-18	0.45891831521904725	0.22970124147331486	0.1478848476721965
00809-02	0.46469429802848855	0.549142149971966	0.2179710614358309
00553-05	0.4664526545745984	0.2545823102021295	0.20001563294634228
00758-17	0.3812442784284166	0.41027912380094755	0.1902927475452735
00706-07	0.4371412645561389	0.3466653133914682	0.21111446416781948
00555-10	0.45173216445041176	0.24072730864086297	0.1532255743947305
00655-15	0.6276086347997348	0.4604469238679413	0.2467474962602029
00657-00	0.3975207827113485	0.3076345654497631	0.14285545926755217
00452-22	0.4744562299862181	0.18619520926924057	0.1641685899149073
00706-17	0.589761509601866	0.52289423923482	0.24068746294026694
00452-15	0.46966110949539774	0.181033683327048	0.18598326126037382
00758-20	0.3831704482760384	0.414818032984205	0.17958662230790307
00451-11	0.7285470891241285	0.22036324102659763	0.24035013339803993
00809-22	0.4488681204504345	0.5712222990267992	0.223924652512143
00503-21	0.4545289317668907	0.22553688170520955	0.16676696382828746
00606-05	0.4050346556588258	0.24123756768674662	0.13369062213620814
00452-09	0.4899049067515021	0.16651037375982766	0.1937819027336843
00757-10	0.6035275492329608	0.5520007307823044	0.24971721729740395
00809-10	0.4663587099044569	0.5340203348527915	0.2552087739623185
00452-21	0.47240334082022795	0.18842590955357824	0.16686710848061254
00810-12	0.5807528115981268	0.6337602307524609	0.23435285790850005
00655-06	0.38749911441888013	0.28429294031171465	0.1934100177226965
00810-08	0.38411348009792634	0.4269912939997048	0.15725137176266576
00553-17	0.6733540207433015	0.352152613993089	0.2359750922232924
00504-21	0.46332233106913523	0.22952483873114415	0.13939762636669603
00451-16	0.7177264652019809	0.24395139233777127	0.23743319281740677
00757-08	0.5107813998438082	0.4364019155611276	0.2349542281158964
00757-15	0.5865380488322016	0.5827391637923207	0.25382174624979775
00504-20	0.4604144084076866	0.23042099298342358	0.14191955864881575
00655-21	0.41932234660244855	0.3233035708851002	0.2023084552000499
00502-12	0.708401325854926	0.2728021038128726	0.24425604396544998
00452-03	0.6079725669274658	0.19826573911586945	0.20691044128700997
00706-10	0.6391039084381716	0.4947207621500596	0.24888867548073537
00707-24	0.34490491257804645	0.328029358329101	0.1541837492782765
00553-22	0.43144489835193667	0.25939030732012813	0.19523776712049748
00810-06	0.38592040390343796	0.4289080080927686	0.15120681806283867
00655-00	0.3841219548378475	0.29891634428141833	0.2012923914464094
00555-11	0.40846455125161135	0.205679195438597	0.147370807007511
00810-22	0.36922338412787903	0.4626391846961828	0.14712994935781087
00502-11	0.70969128146949	0.2672204350141219	0.24206260289617126
00502-15	0.7011486126512882	0.2894525136442272	0.24246866144982437
00808-13	0.5592373719497106	0.6279293759235743	0.2580440418566075
00555-12	0.44693873724983774	0.24768904498943342	0.15646856137435164
00706-00	0.4238157473151611	0.36191059444796975	0.21564378045115734
00451-15	0.7381171981905382	0.2569774403418974	0.24418543261738887
00808-20	0.4147652922276672	0.4948093525865563	0.22719454214103596
00757-12	0.5989057902830962	0.5648708673234655	0.25571953371530987
00453-22	0.6066886852597644	0.22768386604754154	0.1665469822048508
00453-12	0.48570573864235805	0.17232236771381307	0.15685312217654246
00655-14	0.6313270410830107	0.455295645374178	0.24866484587231572
00656-08	0.3804010519777006	0.27511408224481754	0.16940718250581935
00707-22	0.40474422789042114	0.36570220652703767	0.16757086413839267
00655-10	0.7148388246387464	0.466555851883927	0.24786182506152335
00757-05	0.39739913261803744	0.3851881806355824	0.2140051353961954
00707-09	0.3541796786030446	0.3095828271480194	0.17291954479800453
00555-04	0.45777135436036825	0.24361758956880303	0.13721273472943124
00708-09	0.361718289701596	0.3149574363711086	0.14559455887522366
00452-04	0.6099248007466344	0.19384614554776478	0.21030576874318455
00452-16	0.46852933572226135	0.1843761058277185	0.18365947152108342
00708-17	0.3977940020243582	0.4001398101525061	0.17305025728510584
00555-13	0.4064928014028694	0.21409351957707956	0.14935722354243736
00708-21	0.3437459076110834	0.3417565417557118	0.13500008948358264
00707-06	0.3577145907704178	0.30970034851244993	0.16318464621164983
00706-12	0.6334710801237153	0.5066891326033225	0.254616197814812
00502-07	0.7085033092462166	0.25471350762284223	0.22385059846466537
00453-08	0.5268332623959601	0.18441957056879502	0.15207729268803305
00604-18	0.5390871602984213	0.3177771298395531	0.22333870649509827
00808-03	0.3692035153678393	0.42567358341887085	0.20418055654729791
00759-02	0.401046700128139	0.4009240891896229	0.13861597949479673
00451-14	0.7408333887034588	0.2519261580630891	0.24620794149046962
00503-20	0.4526393321584692	0.22684050684183596	0.17001976725694257
00453-23	0.48974282053123214	0.18698447313184138	0.13542102951843227
00451-22	0.5016780032247968	0.2168057659999477	0.20454578603340567
00504-00	0.4411935414934591	0.18450017468715735	0.140502975077608
00708-22	0.3468170176415423	0.3404384250933787	0.1331118720674146
00707-20	0.4015246580603883	0.36992511674094664	0.17397342051731896
00708-07	0.36551979171239324	0.31468538389232764	0.14024076901238966
00554-06	0.44897702875746215	0.23392552376166134	0.16980724663413246
00655-07	0.45656329111715444	0.3044009403886193	0.2091824337739135
00452-11	0.4761368467272707	0.165524946488035	0.18625822513885887
00759-03	0.40723433988097746	0.39580439060469896	0.14414380573754274
00606-01	0.4011882447219055	0.2565143643067133	0.12915407995699263
00555-07	0.4141656764479286	0.19903963803924699	0.13744475216679033
00604-00	0.40425940992233506	0.2566988307388653	0.20053621303386684
00706-06	0.41967611274045585	0.3310071305741069	0.21141821036676042
00604-16	0.6552581364820274	0.4053872025169936	0.24250668646565735
00555-21	0.4435198999130662	0.2700137555979485	0.13972847777078354
00503-14	0.4522507817165153	0.21279481669352224	0.18694054111404165
00758-19	0.3822721500072169	0.414950582537151	0.18333033202772925
00706-14	0.6257203453978806	0.5190489428483192	0.2547575414659034
00504-23	0.5797812550555494	0.2720096488349654	0.16314327283093988
00502-04	0.4863423761534742	0.21901379962848846	0.19816687158986082
00655-09	0.7153464709127573	0.4612316171587468	0.24377990617631634
00604-01	0.3993969152773687	0.2601275272868039	0.18297399002802314
00655-11	0.6689066615042201	0.4435870933723754	0.2505957860619936
00452-08	0.4823414388142733	0.15937369303475962	0.17780686041621893
00707-16	0.40074084016356315	0.3623803408006399	0.1874083256498115
00503-06	0.46782144744334553	0.19559314753764498	0.17030629047141907
00707-19	0.4002913289926778	0.3697576627350181	0.17760550285694598
00758-21	0.38457553273746986	0.4133408315081659	0.17616451274256736
00606-09	0.40099906221272025	0.23918801011791319	0.1443308448231282
00504-13	0.4638595184779597	0.2128049879820857	0.15687052595785222
00706-13	0.6300040492656785	0.5129577359964177	0.2555620782062106
00656-01	0.4430863648301267	0.3457222211806983	0.18571626912511907
00810-10	0.44562884492976135	0.4705123517974565	0.17133140884841114
00656-02	0.3772642492783022	0.28830586705216504	0.15406316534660397
00451-06	0.7262846758727327	0.21060615337670932	0.21740302295452568
00604-15	0.6582891109233244	0.4010210128626865	0.245726394825469
00452-18	0.46842880789113106	0.1889901120420468	0.1772796495458604
00757-20	0.3764936458745833	0.4085142913610805	0.21289113197316567
00451-18	0.7132260881152961	0.24869724379333802	0.22845806637330598
00809-24	0.36770709149434705	0.4469344205610198	0.17047689550361755
00809-20	0.4210510723670267	0.5020650483878383	0.19037799177420456
00655-20	0.42314126388446444	0.32491154562991015	0.21080792814554475
00757-00	0.40368321064619406	0.40809568910754757	0.21759463871940868
00604-19	0.4589443340427448	0.29456332714367073	0.2092410887292976
00604-23	0.46310419733428554	0.2859437100392862	0.19567623359668884
00555-20	0.44224932936616274	0.27144673147465204	0.14234904973277976
00657-19	0.36791658103110525	0.30963703347598764	0.13991929148802545
00656-06	0.3822501641188953	0.2764547096414845	0.1629527259549652
00453-20	0.5996643496061678	0.2318666936968603	0.1744964122333355
00553-16	0.6762532013861606	0.34910407326413945	0.24022248611072097
00554-15	0.433988864337335	0.256462484431949	0.1852219098008226
00502-13	0.7062099754993219	0.2785858363592942	0.24515704228532692
00758-11	0.39427087434919483	0.3842350389207166	0.1951278610953451
00656-14	0.42611448675998387	0.3131809803417791	0.19012289155065243
00605-18	0.3836164965511059	0.26565337750850276	0.16952823111240972
00502-23	0.45455368919247285	0.22516268182217897	0.19874427236961578
00451-13	0.7260566271971037	0.23042326549295308	0.24342355918258843
00503-15	0.4498360432417495	0.21653052752209442	0.18528243155110208
00657-14	0.37257137119886813	0.29637349148801106	0.15053684294279318
00502-00	0.5615242110133867	0.19528093775350425	0.21414087515592953
00504-16	0.4597376230333263	0.2250197560019149	0.15340159649604201
00706-21	0.39655740284897706	0.3633429701915095	0.20350909112235901
00706-18	0.41728209075901335	0.3819487503564124	0.21612016584930496
00657-13	0.3752618763972146	0.29256469311070893	0.15111587183172023
00706-23	0.4009434446401811	0.35725720431418934	0.19766777156940118
00759-00	0.41340606269651364	0.4174144971962369	0.15180083055535565
00503-16	0.450179787501326	0.22066417988318934	0.1832494351272862
00706-09	0.6403580941840904	0.490118497082566	0.24454069580454868
00757-02	0.39129900837005044	0.38756645374903914	0.20138826767891982
00555-22	0.44564181710726325	0.2676611181168217	0.13757132755502713
00808-14	0.5544263801345151	0.6335602926624088	0.25712425727851873
00757-24	0.38601687286041864	0.39713841515572995	0.20148467281316504
00757-23	0.3833009714408887	0.4015417705288075	0.20330300240447366
00555-09	0.4116374216429271	0.200339184327583	0.14307996244425888
00453-14	0.48182046469872614	0.18051417243310416	0.15678473223641437
00810-00	0.3888036833003404	0.4621569966470844	0.15272520420397287
00808-22	0.4194572994637246	0.49126347757501754	0.2194184487369494
00453-15	0.47990341676304404	0.18413550192485081	0.1553905963372012
00451-17	0.7325461926060742	0.26400572834607355	0.23673696941094166
00655-02	0.3709469167538684	0.2843031072147314	0.18324445356523553
00553-20	0.42792754404013283	0.26300716632552384	0.20180082787316456
00759-11	0.3967351306781289	0.38983358297691434	0.1592291219913053
00452-20	0.47125131302523704	0.18992762876928068	0.17017795664701574
00553-10	0.6895120865394466	0.31569857254014216	0.23944879479137518
00553-07	0.6885618862162858	0.3075541993710741	0.2248238897538252
00503-22	0.45585337305059664	0.22302260103313	0.16395531666913515
00504-11	0.469208768059536	0.2052145679400359	0.1555974611684325
00810-24	0.5630904707640257	0.695947187551579	0.21930948560497407
00502-06	0.7072783870153957	0.2552558516195154	0.21885047633439678
00656-19	0.35999655179740786	0.30396400816875196	0.16610740956217782
00656-13	0.42835971173653253	0.30859374626843644	0.19054573038012268
00604-12	0.6662292158519704	0.3825189731558576	0.2473716822053278
00708-14	0.3461758824061306	0.32938098903969437	0.1506653730210519
00503-02	0.46522949394704366	0.20794444189187616	0.16071657443417886
00503-12	0.4564502482704279	0.20465218508180008	0.18704383680338818
00657-22	0.3733969192408843	0.3069750526225238	0.13277856067240293
00453-00	0.5127681499251958	0.18572744792161208	0.1479326503590004
00606-21	0.3948891013391198	0.27068431801201887	0.13455881403701264
00758-18	0.3811410284478125	0.41287507610258845	0.18692634531740446
00453-13	0.4843717940440184	0.17661973809974896	0.15743160771777875
00707-23	0.4077523721963151	0.36281336936370023	0.1654598558005681
00604-21	0.5956403394759834	0.41329914591431965	0.21830955834171117
00554-07	0.4481251820084989	0.23288345578702144	0.17324500144562216
00606-00	0.4175953208708058	0.2646865537808488	0.14216444635181844
00708-23	0.3502011661278871	0.3381087190129931	0.1316630908693649
00605-06	0.39778369538292685	0.23505024883165196	0.16213826067517922
00553-01	0.43755278512936335	0.2479927034421728	0.19071835493193062
00808-08	0.48686702804517906	0.49025262562186095	0.23770155855209568
00708-15	0.3426493230395285	0.3321467765741986	0.14932263519331637
00555-08	0.412962405482034	0.1991652084506331	0.14041337016795605
00808-19	0.4140809094538498	0.4953643342399903	0.23194234099195749
00655-04	0.3754236703096063	0.2776141385646486	0.187079504055316
