30.026257514611082
29.803854151320678
29.658287387022447
29.735212899729504
29.597778658524643
29.2428542138721
28.95666004942579
29.631164572431057
29.318923048578455
29.529026872174967
29.598944505614032
29.30640333382865
29.509277596982766
29.696671487380197
29.716642054305016
29.47837939070158
29.487420406057204
29.381412806472884
29.37934181490068
29.362425124098234
29.488331691933166
29.337378255106728
29.36407536531123
29.64921692159863
29.77907227059366
29.671068456827882
29.631672689856096
29.711651395210392
29.60010847913361
29.30074392714541
29.48733175149507
29.453069998447045
29.549467478839077
29.497183438486896
29.521831245869404
29.38871249400598
29.38114532603772
29.36358436899914
29.4957777361621
29.595710910773477
29.160647358816473
29.48133362073437
29.559443847489383
29.424017966058553
29.328857810679178
29.258467815600756
29.465770944673714
29.54870456196614
29.856713280701825
29.50284943532657
29.32694884395684
29.445456055615214
29.602532322727136
29.41387127305173
29.057257272217292
29.55246326483045
29.512148365053157
29.542460257708235
29.584318640520696
29.36955287636169
29.406846809073
29.282233109095444
29.1983409219163
29.29013946338017
29.349688809764864
29.454627092276354
29.774354489060748
29.499877935064006
29.475159872550194
29.493029704122254
29.396336476167413
29.50491073071171
30.028850791458385
29.643238983874035
29.451106233256695
29.507895889353843
29.651376861997228
29.61379728872892
29.69775845026926
29.645564770529624
29.472236435573112
29.590820871708946
29.685171706557842
29.52878686677739
29.63425060400401
29.633335931436363
29.538594259664716
29.50887172884764
29.472367081215292
29.662523864742475
29.736820199243173
29.603698861508207
29.706492359839714
29.610992100569323
29.512507737659252
29.852408700732397
29.889446463965733
29.655720084463823
29.338536511219747
29.59672279648788
29.662577826181643
29.496135708621235
29.428852079551277
29.70036929089939
29.699587309730028
29.738679549640814
29.460407654566538
29.49652043567919
29.57885812160116
29.63642204155754
29.70976286919509
29.61313094692925
29.627290865566707
29.691294255867067
29.820938224363417
29.609474823742257
29.48491514743878
29.525467428254906
29.45624425662434
29.649703035829035
29.550752819291187
29.305723248384133
29.26596628451786
29.429947425732195
29.725949330973055
29.64306224599521
29.28857574809166
29.297109718223204
29.23747278670213
29.534237846752866
29.534120989432697
29.161566000220898
29.03772764131147
29.13725959863202
29.351078031159247
29.45410411528314
29.406078592881375
29.306438242089477
29.586599337428513
29.47785283533954
29.384956550311767
29.52014110279956
29.360338966725205
29.40251718231061
30.031371031908503
29.675611420423014
29.47137780437678
29.459925719153553
29.558641975991065
29.509173709085555
29.563576074872042
29.75586344954135
29.91707453224848
29.704937633547722
29.638823899249225
29.549407809941513
29.684867327156894
29.43578517377766
29.565445989052485
29.60766980107191
29.619251191905363
29.582547704072116
29.577223933079956
29.727033948006056
29.773008208026127
29.626649868463883
29.665653510150022
29.70566259189128
29.740478000067572
29.416063539851912
29.475406603623874
29.49150836211328
29.51880144976042
29.478365617843288
29.508056272311702
29.628879741766962
29.58038220533971
29.66457334901009
29.688950074162474
29.583548468220858
29.478809859583354
29.505864160375012
29.482140241960135
29.488584020335658
29.367686196324563
29.452790448180497
29.701176668570966
29.731805869960603
29.60571570661916
29.634888782991354
29.573915591745543
29.77714045681976
29.765266170858602
29.584120325833293
29.45385045424789
29.588899785689254
29.54681652614642
29.41522133559483
29.37636696360432
29.375477261082406
29.499925888826162
29.57320466684473
29.615048620699895
29.60589794148785
29.795423531711418
29.759783951904822
29.537057772551034
29.434502396431785
29.2878076502595
29.606712618052473
29.603723252476847
29.619208060037295
29.59737355384102
29.49451904246287
29.314590305036617
29.618121618369106
29.961238201132392
29.866811291961092
29.706084326154105
29.55128111512823
29.354212043997954
29.448876198799944
29.676403516657334
29.713698156341348
29.841254039757075
29.860562519735684
29.935538059910733
29.725066642152225
29.73861461247732
29.45299869863287
29.538527169082286
29.496036121914493
29.500954039329393
29.586170453969984
29.591950395461215
29.522306687899757
29.680971032821148
29.767219859282953
29.75345815984058
29.943453727597912
29.94120640137522
29.48045343784222
29.387107559867328
29.51137800476946
29.560869364266804
29.583209597432297
29.455359955094348
29.570259040484547
29.948988840281242
29.889602758997153
29.86387571495634
29.61679160549963
29.725799937354754
29.70416176514882
29.615143974331144
29.505822031616038
29.39905306076797
29.667109442818276
29.653945808644437
29.67658307390901
29.638217010319973
29.789135432680084
29.895159519476184
29.895248704579043
28.852630216013246
28.521452445541314
28.200624700725566
28.216062568749287
28.339857210374234
28.46251353266695
28.57832334099486
28.985259576075645
29.301890380917264
29.69907230536385
29.894333709401
29.979279396612082
30.314074652503905
30.44037182420019
30.599276082379966
30.663913103964354
30.793308443842662
30.58521202436096
30.376371425392716
30.033357340758077
29.620582195491956
29.268457780820377
28.976333297118057
30.188766774540643
29.904030761110327
29.77473354014119
29.892076076726152
30.091768637180166
29.79371286957142
29.842741507232795
29.770573398249883
30.067860890966973
29.76826006054947
29.90377616596635
29.82437100000357
29.854009874883804
29.81829727556134
30.00023355754415
30.078116123194025
30.132454326173086
30.046616982331937
29.8686599818828
29.999271446574046
29.74943072666261
29.749290619463828
29.709441179815446
30.072330906605988
29.902572216852995
29.95495369790523
29.795946046264326
30.054897698969924
29.76485756508865
29.628078726521938
29.692041779003482
29.76632929592604
29.709024984368945
29.774520732145973
29.67698894506758
29.68705210515919
29.755519667046904
29.73825852929229
29.67057290443484
29.638224232658356
29.72369369841552
29.814572187015173
29.847976629418273
29.69812660233858
29.845583663260893
29.67020705322252
29.467230852713833
29.66808355376677
29.8907077905044
29.700667355897707
29.757378856242294
29.76518728588574
29.813740571104734
29.74221286564606
29.52263276327307
29.590125954601714
29.529420565934103
29.564152844140168
29.500266014222568
29.55720922540643
29.983314856361552
29.63804447093614
29.746514685442257
29.611297368213656
29.626823327448598
29.91205596846112
29.852217429125087
29.72087944994542
29.736471944094458
29.561716643936357
29.339716884630334
29.52156366904825
30.15120146979274
30.05908629311727
29.859206591968075
29.79947053939457
30.002944204013563
29.928911338641964
29.789283418769955
29.72740982963073
29.651091579159825
29.648100754818586
29.672435580074506
29.593897454212406
29.775811917158283
29.651418730464286
29.757278052722373
29.7558023375758
29.83352200314865
29.892851221945072
29.963835006396458
29.95891977132816
29.739900210922674
29.689008930315435
29.58815029776148
29.846265346694622
29.846825479567226
29.74969529653355
29.67257561542873
29.39581754022514
29.441924048148667
29.61766986465321
29.732422124334477
29.82664565759558
29.707797757144057
29.677897514275145
29.767438937322652
29.513625420754998
29.657960412990032
29.86068834145529
29.75197811014795
29.424675159857095
29.469377157698098
29.633105396248617
29.788510321700667
29.81130740511091
29.685259617501043
29.65484392769339
29.73474675067397
29.824087748674213
29.84623820291261
29.737655500548918
29.59221005953616
29.794418832010315
29.812703425153543
29.755036396621353
29.66452859769128
29.84743575777229
29.71350036160539
29.62457275305622
29.57922665235468
29.492358630334746
29.62223138609239
29.611243155768815
29.59961648296828
29.674980183635487
29.73110014377664
29.91673968787599
29.789009275166933
29.739833694374198
29.697321287440435
29.64022320481136
29.545256231717097
29.659689557250687
30.11399539107068
29.97478304137744
29.49093687481576
29.43989325243771
29.751567191695777
29.75436967277363
29.620098847073912
29.59571936238803
29.513943457609596
29.78571029828804
29.92298803841363
29.81854986856686
29.708111173360606
29.650818216795003
29.82266518675849
29.748653307221023
29.618977149324795
29.774773718560855
29.79639380987588
29.811313746869192
29.73030201384693
29.736376566705275
29.897365310524258
30.128799143399334
30.099516470324215
29.912864140405485
29.656789724448096
29.604573338408038
29.5196328563324
29.438175612348378
29.35840812745574
29.765986649473795
29.695505083329365
29.878517397661952
29.686205780333577
29.68513245508159
29.702752151421997
29.58926073171
29.53551505880038
29.69171023048725
29.671981635916676
29.596323404448494
29.65545438076349
29.660430824686966
29.656697844117396
29.766925260266373
29.671360235934262
29.83255109429467
29.931777569230647
29.54526832604856
29.62958258579447
29.410187104756048
29.41644853163831
29.526521370765746
29.221039967998163
29.32440776854364
29.505895927490535
29.711708596983502
29.720685472600774
29.63631593058781
29.54296947978365
29.600122894419187
29.56485522234923
29.5513984831846
29.530127265912984
29.446373191559424
29.427853734320166
29.65134079824676
29.72799281837956
29.63553703945338
29.69372028474354
29.657034854460804
30.014153962125203
29.87611211443377
29.64453836097647
29.714737716034104
29.602016874556085
29.656259112924584
29.67306740265419
29.68688793880782
29.956832302385877
29.87556769858068
29.89089947417377
29.804001557702914
30.006992646945786
29.807507509258294
29.642870726031294
29.738235229953144
29.601161713017646
29.596798767070712
29.64323945429994
29.60795597541724
29.86269432014618
29.99644600261562
29.953697892719177
29.880835840530043
30.120694637452274
30.065140178973255
29.641187919237357
29.48975231502941
29.458005267014304
29.35137580397011
29.443884421048175
29.691879397585932
29.791874540204706
29.981287343781073
29.962394198838677
29.836011985914556
29.59927748281093
29.613309428037393
29.641473947210304
29.716120187778134
29.379049610325236
29.528585743496055
29.716206403458248
29.680204246710968
29.82702259042486
29.979903141469322
30.057719763574195
30.03409837604683
30.1040668015952
29.76836618932268
29.539025083965964
29.686343616438116
29.51950697584384
29.313147379466592
29.327047264896798
29.411707386121968
29.61815412058786
29.752225307999286
29.835416602227163
29.565160715542774
29.43262168447636
29.877069314991406
29.826620423194548
29.475470272847975
29.48637210926361
29.522076037128937
29.60261887450985
29.551548409327836
29.564641148974978
29.67564127888514
29.787795714299953
29.878634601800478
