7.786559962416989
7.771556305219734
7.719907923115101
7.695487759881368
7.563585925968308
7.981917193669217
7.532912992789558
7.582601667514285
7.789826594983527
7.947973256050805
7.623055957411222
7.580821607551061
7.61746293032481
7.8666869321637565
7.520656030526912
7.779665292796115
7.565779765256355
7.509951855653215
8.095100579764189
7.624204743468509
7.678855582975811
7.708245656715244
7.971886481043072
7.640819858607702
7.665680090741372
7.668985528168583
7.663071802573945
8.025174236510765
7.731409573886006
7.644610988108269
7.881913485030674
7.674023956969344
7.775288125343407
7.6571826241047205
7.556257602633464
7.861079737446206
7.535866998062802
7.73102464952687
7.60858528438575
7.23500190040943
8.013065615016595
7.63360166981262
7.972131959303289
7.619322879588036
7.581924050210031
7.881279544314865
7.655211296198861
7.670381639375438
7.8935190626650416
7.736150690145099
7.527196890225468
7.6095292529721155
7.690290860336302
7.8205234526538945
7.547302310840758
7.76395063107997
7.589743527830533
7.762976178771436
7.70743749080306
7.80896754158168
7.767689311419648
7.493117505088559
7.801581651098566
7.4772486823470095
7.36743452244458
7.539915948144977
8.03793939302755
7.968811825420974
7.5168354312185395
7.833191664957265
7.733700467899508
7.726013519075511
7.972745682575502
7.858118495650359
7.5913787085977695
7.662856655547315
7.560229401250427
7.867563859349874
7.76939033871365
7.621508107408746
7.826182338504035
7.759944911294838
7.710772417473029
7.792837922633136
7.84091061753687
7.539499649170733
7.544726526444774
7.766079736977835
7.6383454913542534
7.6093373768897425
8.047596541103282
7.87085007725639
7.80379897692156
7.551159972045149
7.865896599067743
7.689565223662213
7.697209058643989
7.743203686350077
7.597430584412773
7.76036772023608
7.799576302596548
7.660457325069287
8.02447098393433
7.520412896578678
7.817719534112851
7.55828375737402
7.84885300845596
7.740259271303533
7.624226647589329
7.837988593999947
7.760073820455936
7.777794806120414
7.6579538722445655
7.860496191393548
7.741423552378669
7.897133647886603
7.585688852401063
7.709169031269979
7.740392281010405
7.774271018851971
7.904540693487339
7.822106358737172
7.65027576133302
7.531706662017715
7.845812842507586
7.932334481414113
7.4880540055276645
7.516444774076575
7.664082502809244
7.894918959052456
7.6072853450106726
7.566161028645426
7.648661477819956
7.3522154209156225
7.945492453410168
7.289148987359745
8.044531579416173
7.6750477167815685
7.754232982219414
7.822847036647769
7.735258590869571
7.448479867575251
7.53749638051442
7.773045335845558
7.912480269772525
7.732345112536118
7.738121906154191
7.773586651498859
7.742733539366134
7.57506664534981
7.931520448092947
7.733630741744175
7.698888557971499
7.733559970004196
7.763430392935476
7.710239105114336
7.765591127533947
7.5753079896949735
7.971731078777755
7.620496021405985
7.589682714982206
7.890674361518105
7.747751728350506
7.746409371155147
7.769890138457925
7.820376418081445
7.714341570024535
7.62470142923029
7.795563596836513
7.96039376467893
7.520752131731285
7.796740995774878
7.84664199259057
7.635558232801134
7.813348174263133
7.599122427421977
7.8210650553304415
7.60251999631141
7.769564216453103
7.709975998001756
7.602948072480201
7.67969673343535
7.830203437055198
7.852040413917662
7.562903487627504
7.693031244287262
8.085673129846096
7.579574447181889
7.75628753340691
7.655905274915841
7.584982379700865
7.783915722639617
7.704807863869589
7.762549519416514
7.6022043466637115
7.6439596342106455
7.77449352726843
7.629841964337082
8.118007541746769
7.535387167452649
7.528484667929817
7.830121096772192
7.642396879925408
7.651040584696473
7.81550358791311
7.864041194476825
7.7696902740062
7.749753306521481
7.518602669540976
7.733726801935915
7.952961780697002
7.611787589784355
7.7208248153081485
7.6539776991987445
7.837785770418521
7.692307855100491
7.855289839505479
8.05432849104561
7.692078083217318
7.906126908557089
7.531106097964166
7.905410846482092
7.93018951073378
7.768424254741257
7.50237486513509
7.819408904821826
7.717835255781638
7.820716104133507
7.683334605509405
7.809933693949391
7.529093435083171
7.458085398292256
8.00677226246049
7.911156690666235
7.764361846970149
7.889582366637752
7.59373794929057
7.558087517815123
7.692891540431855
7.686265351866655
7.93125192533121
7.55977202755657
7.668781336988449
7.573271848205352
7.891270637787472
7.902196119949817
7.757083881615198
7.826799998365381
7.810386666539743
7.728696732505407
7.406990397261183
8.008421813419465
7.826763436730861
7.715396315210928
7.689441584574186
7.669741655130829
7.721477691148767
7.91434980606081
7.724664219057447
7.694228877943958
7.972953135710019
7.663451604989764
7.78072274311852
7.649186214044646
7.772185580698117
7.8126162600989275
7.790199514435434
7.537713754444416
7.764375197977105
7.710834104066647
7.870505152836618
7.747005227138108
7.509109674037272
7.74546764953917
7.769503616787931
7.418520624174692
7.802460379701244
7.73799399854443
7.759126423124913
7.709841690211072
7.821728594885286
7.715992689178972
7.671120834629448
7.728308393077171
7.758939945891995
7.836616515522399
7.723310915199657
7.793064314169389
7.879550859578795
7.4874979128675445
7.788165166714315
7.753210609393074
7.988568596037411
8.11928687411195
7.624994466523379
7.6769812581824874
7.964318150693546
7.936814070689201
7.827823539532931
7.499398832316132
7.940924581036223
7.761574297330499
7.596879877229913
7.8604447173044125
8.08481624084807
7.913339854172622
7.672448403031308
7.991949023982975
8.04383540891294
7.649142559015526
7.874648349547961
7.930943002093468
7.674868270241339
7.756215355456581
7.972716552670229
7.58105159415504
7.71240301091066
7.838067286942159
7.703767445744018
7.856203280757408
7.733122998880982
7.864171629039287
7.722856061106383
7.713504888418656
7.776289695121914
7.694247405481149
7.677591491125758
7.721715436609041
7.984855653961348
7.659615841392673
7.865062956760347
7.5790659818905395
7.824423089414307
7.791760630017337
7.9087333002123685
7.757903826586961
7.570666619084672
7.678642658401479
7.746823243749919
7.699643800258809
7.677615217046869
7.813290823851611
7.742288718396052
7.772015417543937
7.863572262675501
7.731199853192588
7.819316666976094
7.658191096712703
7.614685809460934
7.6129046870363775
8.00583266744465
7.650320783251542
8.00788277940128
7.77870203974547
7.56458986536783
7.806185402811457
7.839974901020143
7.78004577586483
7.915517140320251
7.7800961956513515
7.541580076274374
7.843399982430195
7.939201239472224
7.8661362835214685
7.78336717104984
7.751853776054475
7.6030483522468195
7.7939613280479
7.940447991075319
7.514308299463396
7.8966739299178705
7.616795491613085
7.68100315151181
7.95600754946296
7.504701807426129
7.707439113798186
7.991747876063161
7.791134404351813
7.754592162283418
7.983640680098114
7.947135948822679
7.725671432579009
7.8583184696028425
7.776176897970051
7.647499608745153
7.693082754844075
7.819493978015629
7.569296206152463
7.871334695233766
7.820557160206837
7.734969682860652
7.627631814587304
7.777988644705127
7.700538548683479
7.823193686530754
7.8631642157534225
7.875231569617451
7.478856643149916
7.806501059950337
7.6432929724450585
7.777248997406869
7.818762875000969
7.783651858364994
7.731854643146262
7.869228787907248
7.721254243674443
7.783656980665965
7.795598435350435
7.6155628714684935
7.855271310667695
7.692566603771024
7.82991620419894
7.718910913753785
7.896792779270665
7.640968322079729
7.6372479537306655
7.741790028069651
7.812756043591486
7.877562049304279
7.599958127300172
7.9538333133542825
7.344539287612285
8.083552169655867
7.674081282049558
7.847463745028336
7.840865584902045
7.6133481941754395
7.777115194360861
7.798802287553832
7.907680840184146
7.731041655637505
7.825953767656998
7.608854758434848
7.625243951231925
7.822061734249431
8.036628408112591
7.575558289290973
7.7689188234399
7.628376673747648
7.905003395717159
7.557750874049404
8.061004525728336
7.650702134843769
7.522545974330629
7.650089097183721
7.859627748959741
7.823412726292784
7.927306493146493
7.87928811009538
7.88442522226025
7.589687501108855
7.726107282829781
8.006628732611878
7.905698585424723
7.829486104885073
7.780408813228358
7.774498478909838
7.661243754011291
7.74580048343283
7.839546275567772
8.01195714975869
7.256840405132125
7.833754667780707
7.732313234205933
7.778761093016136
7.5251296291569165
7.961219514352747
7.755589745478559
7.688226621215994
7.853799502785381
7.597343580028054
7.9105763962581435
7.771258678384971
7.639142072887445
7.809110967955244
7.621354631219979
7.87143731712375
7.849067225418354
7.874380797603143
7.686064050634213
7.737054730061853
7.751466386639714
7.593667634606486
7.767405406076804
7.768591371721498
7.536873650863363
7.593816756807777
7.650925506032606
7.853702309154324
7.714673607026252
7.735739003254882
7.562055491470438
7.8943355473426475
7.834360273110206
7.7346187219191584
7.681138219529745
7.701716266299474
7.762943522637143
7.470457290247845
7.982913039791233
7.710653893387835
7.771769963961502
7.893893393059099
7.6542445489317394
7.78156313178149
8.142117680225764
7.709101400263783
7.405532948789794
8.21300170703744
7.545976422403993
7.8245535886492545
7.822289507965926
7.570289333453744
8.14568437141452
7.821740843711128
7.156250314147349
7.962541982321168
7.903022996439906
7.741484586032847
7.86166829999649
7.877531049114848
7.702813203769635
7.743532066164974
7.632408344900806
8.04307409958696
7.5448337807304275
7.832217727661423
7.705629970415227
7.8108098245861735
7.601104126128432
7.992608701118736
7.726856838376856
7.6560100396001
8.017335178649022
7.477586335642729
7.7670966378162145
7.90312762979153
7.413411341483803
7.734112811668075
7.89331698744305
7.803398537499241
7.658366545431415
7.704713668071323
7.712497034773674
7.863337876872743
7.905715569105002
7.973822788017513
7.651852097939931
7.669743989731271
7.991256822164715
7.931676711526277
7.634373545392497
7.761626456275582
7.73088976641853
7.575969082758347
7.870402588523148
7.952524872537166
7.603754979854541
7.648413993356506
7.8696912984664715
7.404264061740841
7.6096454385733425
7.793134143135401
8.016637708237798
7.620529657329594
7.702944500124731
7.676956066361253
7.873818288681311
7.704964975564838
7.854660724941306
7.735494789452693
7.776749539936967
7.763926768357286
7.68077713100042
